412764890 60133 60190 59990 60190 59991
413435970 60193 59970 60193 59970 60193 59970 60193 59970
413802063 59991 60000 0 59995
413800072 0 60030 60000 60030
413806583 0 60060
413801534 0 60120 60110 60120
367592640 8850 9320 8850 8860 8850 9000
367003590 8895 8893 8970 8893 8895 8893
366961070 8990 8940 8990
367327650 9270 9300 9320
100000000 18100 57777 15410 11040 51130 9000
366938510 16370 16070 16080 16370 16070 16370 16070 16080 16370
372562000 16950 18150
273431450 20650 62970 20650
259995000 20920 20800 20700 20800 20920
305845000 23195 21310 23120 31050 31640 21950 23125 23120 21950 21310
259119000 23450 23139 23060 23070 23450 23070 21310 23120
249075000 22540 34400 31895 31050 23095 31250
258430000 23138 23480 23138 23160 23138 23195 23138 22760 23138 23440 23138 23487 22760 23440 23138 23487 23138 23487
259612000 23040 23120 23450 23115 23120 23130
257906000 44605 23095 23100 23095 23100 23095 23100 23095 23100 23095 23100 23095 23100
258577000 23440 23160 23107 23100 23107 23120 23107
257284000 23490 23450 23490 23120 23125 23490
229385000 23460 23670 23470 23480 23530 23470 23480 23470 23480 23470 23490 23480 23440 23160 23470 23440 23530 23440 23810
259122000 23490 23450 23490 23450 23490 23450 23490
219330000 24020 30460 30440 24020 30440 24020
211417590 28860 28840 28860 30800
219168000 30440 30290 24020
219650000 30460 30455 30460 30455 30460
205197000 30455 31310
205346000 30985 31010 30985
205153000 31020 31280 34950 34880 31280
244650553 31120 31080 31250 31270 31210 31130 31100 31130 31100 31250 31100 31085 31130 31120 31100 31085 31100 31080 31085 31080 31100 31270 31100 31080 31085 31100
244670357 31085 31120 31130 31085 31140 31130 31120 31130 31085 31120 31085 31120 31140 31130 31140 31120 31130 31120 31140 31120 31085 31130 31120
245737000 31220 31215 31220
236453000 31220 35760 34350 34685 35630 36300 37230 37470 34648
205162000 31280 37000
235007960 32230 32240 32600 32590
273118000 32330 34025 62800 36130
224102000 37560 37470
263408000 37860 37900 37860 37900
247282500 39100 38550 38630 40130 39960 39810 39100 38550 38630 40130 39960 39810 39590 39100 38550 38630 39180 40130 39960 39810 39590
247442000 40130 39960 40130 39960 40130 39960 40130 39960 40130 39960 40130 39960 40130 39960 40130 39960 40130 39960 40130 39960 40130 39960 40130 39960 40130 39960 40130
247087700 40340 44162 40340
215761000 46470 46560 46590 31250
209714000 47820 47100
636012808 49240 57935 59960 59950 60390 16080
564832000 50017 50010
413949000 59960 59995 60170 57818 57750 60170
412377510 57760 57817 57777 57822 57760 57817
412400000 57760 59860
412703490 57760 59970 57874 57760
413810008 59988 59974 59991 57760 59991
413695140 57770 57817 57825 57817 57825 57821 57817 57825 57821 57817 57825 57821 57817 57825 57821 57817
413355670 60193 57770 57822 57860 59950
413480730 57777 57822 57821 57777 57821 57777 57821 57777 57830 57777
413902765 57777 57825 57777
413356230 57825 57777 60170 60200 57874 59910 60250
413436670 57870 57860 57822 57830 57817 57830 57822
412356940 57821 57830 60010
200006090 57840 57821 57840
413360530 57822 57830 57872 57874 59860 59940 57876 59950 59960
412470050 59960 60170 57825 59976 57822
413324170 60170 60180 57830 57860
636091801 57920 60376 57840 57857 60390 60376 61390
413456789 57860 59910
412666666 57872 57870 59860 57872
412437620 59860 59960 57870 59976
441008000 57920 60390 62255 60320
441858000 58350 59987
413814000 59950 60010 59860 59960
413507260 59860 59976 59860 59976 59930 59976
412436820 59910 59960 59910 59970 59910 59960 59970 59910 59960 59950 59910
413358030 59910 59960 59950 60010 57816
412423840 59910 59970
412434450 60193 59910 60133 59990 59910 60190
413202130 60233 59910 60233 59910 60233 59910
412429320 59960 60250 59930 60210
412412412 59960 57876 59960 60170 59960 60170
412760490 60190 59963 60190 59970 60200 59963 60200
920101116 59970 59960 59970 59930 59970 59930
999123456 59970 59960 59970 59960
413355880 60190 59970 60140 60193 57860
413325240 60160 60250 59974 59970 60160 60165
412331090 59970 60250 59970 60170 59970
412302810 60130 60200 59970 60200 59970 60193 59970 60193
412459760 60200 60193 59970 60200 60193 59970 60200 60193 59970 60200
413817968 59976 59990 60000 60060
413324490 60193 59976 60193 59976 60193
413802092 60000 59988 60060 60000 60120
413811888 59990 59991
412325850 60130 60190 60250 60233 60250 60180
445279000 60233 60150 60170
412206940 60250 60160 60250 60160 60250 60160 60250
413592260 60190 60193 60200 60190 60200 60190
413304330 60190 60200
412424630 60230 60180
440017180 60376 60320 60376 60325 60320 60325 60320 60376
440153660 60323 60325 60323 60330 60323 60390 60376 60323 60330 60323 60390 60376 60323
440150510 60385 60376 60385 60376 60385 60376 60385 60376 60385 60380 60385
305845000 21310 21950 23125 23120 23490 28660 28610 21310 21950 28660
258577000 23107 23100 23058 23108 23100 23108 23100
259612000 23130 23095 23040
258430000 23487 23138 22760 23138 23440 23138 23130 23138 23195 23138 22760 23138 23487 23138 23090 23138 23440 23138 23440 23138 23130 23138 23440 23138 23487 23138 23487 23138
236453000 34648 34685 31430 31140 31130 31550 31250 36460 37400
247282500 39590 39100 38550 38630 40130 39960 39810 39590 38550 38630 39180 40130 39960 39810 39590 38550 38630 40130 39960 39590 38550
247442000 40130 39960 40130 39960 40130 39960 40130 39960 40130 39960 40130 39960 40130 39960 40130 39960 40130 39960 40130 39960 40130 39960 40130 39960 40130 39960 40130 39960 40130 39960
100000000 51130 59930 50970 51130 9000 60010 50970 57874 51130 57874 61400 60160 11040 9000 51130 59960 59860 59960 59974 9000 59960 59974 59960 59860 57874
413324170 57860 57870 60170 60193 60180 57830 60170
412206940 60250 60160 60250 60160 60250 60160 60250 60160 60250 60160 60250 60160 60250
413801534 60120 0 60060 0
413802092 60120 0 60060 60000 59970 60000
413806583 60060 0 60060
367592640 9000 8850 9000
367003590 8893 8895 8940 8920 8893 8970 8893 8970 8893
366961070 8990 9000 8990
367327650 9320 9250 9170 9270 9300 9250 9270
636091801 15770 15765 15410 15370 14950 14470
366938510 16370 16070 16080 16370 16080 16070 16080 16370 16740 17700
636012808 16080 16340 59960 59950
372562000 18150 16900 16950 61357 61465 53490
273431450 20650 62970
259995000 20920 20800 21310
259119000 23120 23139 21670 21490 21310 23450 21670 23450 23480 23070 21670 23440 23450 23480 23070 21310
257906000 23100 23095 23100 23095 23100 23120
229385000 23810 23670 30450 23470 23115 23670 23490 23440
259122000 23490 23450
257284000 23490 23465
219330000 24020 30440 24020 30440 24020
219168000 24020 30440 24020 30440
273118000 36130 28370 31668
219650000 30460 30455
211417590 30800 30640
205346000 30985 31010 30985 31010
244670357 31120 31130 31140 31120 31130 31120 31130 31120 31130 31120 31130 31120 31130 31120 31085 31130 31120
244650553 31100 31250 31210 31100 31120 31100 31150 31100 31120 31270 31130 31100 31085 31270 31210 31100
249075000 31250 31220 31650 31100 38490 45753 38000 34648
245737000 31220 31210 31220 31210 31220 31210 31215
215761000 31250 35840 37950 37990 46000 38160 46850 46000 46470 46560 46590
205153000 31280 31020
205197000 31310 37000
235007960 32590 32780 32250 32240
205162000 37000 31280
224102000 37470 37560
263408000 37900 37860 37900
247087700 40340 40330 38540 39590 40830
999123456 45855 59970 59960 59970 59960 59970 59960 59970
209714000 47100 47160 47850
564832000 50010 50000 50010 49995 50000 50010 49995 50010 49995
412764890 59991 60133 57745 57750
413358030 57816 57750 57830 57770 57820
412377510 57817 57777 57822 57760 57817 57777 57822 57760 57817 57777
413360530 59960 57760 57820 59990 57830
412703490 57760 57874 59970 57874 57760 57820
413456789 57760 59985 57760 59985 60060 59963 57860 57862
413902765 57777 57822 57821
413480730 57777 57830 57777 57830 57777
413695140 57817 57825 57821 57817 57825 57817 57825 57817 57825 57821 57817 57825 57817
413949000 60170 60190 60230 60210 57819 57750
412470050 57822 57859 59976 60140 59960 57819 57859
200006090 57840 57821 57840 57821 57840
413356230 60250 57830 57821 57860 57870 59991 60133
413436670 57822 59960 59988 59960 57876
412356940 60010 60000 60010 57822 60010
412437620 59976 60170 59963 59960 59950 57822 60170
413355670 59950 60193 57830 57825 59860 59950 60193
413304330 60200 57825 59860 59995 60000 60200
412666666 57830 60250 57872 57830 60230 60250
412429320 60210 59960 60190 59960 57860 59960
413355880 57860 60215 59990 60133
412424630 60180 59860 57872 59950 59960 60230 60180 60193
413507260 59976 59860 59940 59860
412423840 59970 59910 59930 59970 59910
412436820 59910 59960 59910 59970 59910 59970 59910 59960 59970 59910 59970 59910 59960 59970
413202130 59910 60233 59910 60233 59910 60233
920101116 59930 59960 60150 59970 59930 59960 59970 59930 59960 59970 59930
412400000 59930 59960
413435970 59970 60193 59970 60193 59950 60193 59970
441858000 59987 60376 59950 60376 58350
412412412 60170 59960 60170 59960 59930 60170 59960 60170 59960 59930
412331090 59970 60193 59963 59960 59970
413814000 59960 60030 59860
412760490 60200 59963 60200 59963 60190
412459760 60200 60193 59970 60193 60200 59970 60200 60193 59970 59910
412434450 60190 59970 59960
412302810 60193 59970 59976 60200 59990
413325240 60165 60160 60250 59970 60160 60250
413810008 59991 59974 59990 59991 59990 57760 59990 60000 60030 60010
413817968 60060 59976 60000 0
413324490 60193 59976 60193 59976 60193
413811888 59991 60000
413802063 59995 59987
413800072 60030 60000 60030
412325850 60180 60133 60160 60130 60160 60130 60160 60130
445279000 60170 60193 60170 60150
413592260 60190 60200 60190 60200 60190 60200 60190 60200 60190 60200 60190 60200 60190 60200 60190 60200 60190 60200
441008000 60320 60220 61280 60320
440153660 60323 60390 60323 60320 60323 60390 60376 60390 60376 60323 60376 60323 60376 60323
440017180 60376 60320 60325 60320 60325 60320 60376 60320 60340 60376 60325
440150510 60385 60340 60385 60340 60385 60376
367592640 9000 9230 9030 9000 8850 8860 8850 8990 8830 8860 8850 0
244650553 31100 31130 31100 31085 31130 31100 31080 31085 31270 31120 31085 31100 31120 31100 0 31120 31080 31085 31080 31120 31270 31250 31080 31250
920101116 59970 59930 59960 59970 60150 59930 57825 59960 60150 57825 59970 60250 59960 59970
412424630 60193 57860 60180 57872
413817968 0 60120 0 60000 59990 59976 60060
413801534 0 60120 0 60030 0
413806583 60060 0 60060
367003590 8893 8895 8893 8940 8893
366961070 8990 9000 8990
100000000 59960 59990 59960 57874 60150 57874 50970 59960 46286 9000 59960 60150
367327650 9270 9250 9210 9170 9150 9170 9270 9170 9150 9270
636091801 14470 14415 15410 15765 15770 57857
366938510 17700 18040 17700 16370 16080 16070 16080 16370 16070
636012808 59950 60390 16080 16340 16080
259995000 21310 20920 21900
259119000 21310 23440 23450 23480 23070 23450 23480 23070 23450
229385000 23440 22290 23670 23850 23670 23470 23160 23440
259612000 23040 23330
258577000 23100 23107 23058 23108 23107
257906000 23120 23095
258430000 23138 23487 23138 23487 23138 23160 23138 23195 23138 23487 23480 23138 23100 23440 23138 23487 23138 23480 23138 23487 23138 23160 23138
259122000 23450 23490
257284000 23465 30430
219168000 30440 24020 30440 24020 30460
219330000 24020 30440 24020 30440 30640
305845000 28660 28710
236453000 37400 37470 31140 31130 28930 28660 30810 31250
219650000 30455 30460
211417590 30640 30800 30640 30800
205346000 31010 30985
245737000 31215 31020 31010 31020 31220 31210 31220
205153000 31020 31280 34950 34880 31280
244670357 31120 31130 31140 31120 31130 31250 31150 31130 31140 31120 31085 31140 31130 31120 31130 31120 31130 31085 31120
205162000 31280 30460
273118000 62950 34025 31668 37040 62800
235007960 32240 32230
249075000 34648 34360 34350 62800 37990 38005 23095
205197000 37000 34880
224102000 37560 37470
263408000 37900 37860
247282500 38550 38630 39180 40130 39960 39810 39590 38550 38630 39180 40130 39960 39810 39590 38550 38630 39180 40130 39960 39810 39590 38550
247442000 39960 40130 39960 40130 39960 40130 39960 40130 39960 40130 39960 40130 39960 40130 39960 40130 39960 40130 39960 40130 39960 40130 39960 40130 39960 40130
247087700 40830 40760 40720
215761000 46590 12980 46850 46820 13020
209714000 47850 47160 47100
564832000 49995 50000 49995
413949000 57750 59960 60170 57770
413355880 60133 60230 57819 57750 59970
412764890 57750 59991 59960 59976 59960 60200 57817
413436670 57876 57870 57818 57822 57760 57770 57822 57770 57822
412377510 57777 57822 57760 57817 57777 57822 57760 57817 57777 57822 57760 57817 57777 57822
413360530 57830 57825 57760 57820 57817 59910
412703490 57820 57874 59970 57874 57760 57820 57760 57874
413810008 57760 60000 60010 59985 59990 60000 57760 60000 60030
413695140 57817 57825 57817 57825 57821 57817 57825 57822 57825 57821 57770 57817 57825 57817 57825
412356940 60010 60000 57822 57821 57830 57770 60000
413480730 57777 57822 57825 57830
412434450 59960 60130 57777 59960 60190
412429320 60190 57819 57825 57819 59970 60215 60200
413358030 57820 59960 59950 59960 60010 57870 59960
413902765 57821 57777
200006090 57840 57821 57840 57821 57840 57821 57840 57821 57840 57821
413355670 60193 57822 57860 59950 60193 57830
413324170 60170 60180 57830 60180
412470050 57859 59991 59960 59930 59991 60140 60190 59930 60193 60190 60140 57819
413456789 57862 57860 57862 59910 60030 57862 57860 57862 57860 59910 59985
412437620 60170 57860 57876 60190 60180 60193 59910
413356230 60133 57860 60170 60193 57872 57870
412666666 57872 59860
412412412 59930 60170 59930 60170 59960 60170 57821 60170 57821 59930 59960 57876 59960
441858000 58350 60376 59950 60376 59950 60376
413814000 59860 59970 59960 60010 60030 59860 59960
413507260 59860 59976 59860 59976
412436820 59970 59910 59970 59960 59910 59960 59950 59910 59960 59910 59960 59950 59910 59930
412423840 59910 59970 59910
412459760 59910 60200 60193 59970 60200 60193 57874
413202130 60233 59910 60233 59910 60233
412400000 59930 59960 59930
413435970 59970 60193 59970 60193 59960 60193 59950
999123456 59970 59960 59970 59960
412331090 59970 60250 59976 60170 59970 60133
412760490 60190 59970 60190 59970 60200
413325240 60250 59970 60250 59970 60250
441008000 60320 62121 61545 61372 59970 62255
413324490 60193 59976 60193 59976 60193
413802092 60000 59986 60060 60000
413802063 59987 59995
412302810 59990 60193 59970 60133 59910
412325850 60130 60160 60130 59991 60160 60130 60160 60130 60160
413811888 60000 60030 59995
413304330 60000 60200 60190
413800072 60030 60060 60030
445279000 60150 60200 60170
412206940 60250 60160 60250 60160 60250 60160 60250 60160 60250 60160 60250 60160 60250
413592260 60200 60190 60200 60190 60200 60190 60200 60190 60200 60190 60200 60190 60200 60190 60193 60190 60193 60190 60193 60190 60193 60190
440017180 60325 60376 60320 60376 60325 60376
440153660 60323 60390 60323 60340 60376 60323 60376 60323
440150510 60376 60385 60376 60385 60390 60385 60340 60385
372562000 61590 61595 62077 61605 54050
273431450 62970 21310
247442000 40130 39960 40130 39960 40130 39960 40130 39960 40130 39960 40130 39960 40130 39960 40130 39960 40130 39960 40130 39960 40130 39960 40130 39960 40130
412377510 57822 57760 57817 57777 57760 57817 57777 57822 57760 57817 57822 57760 57777
367592640 0 8850
413817968 60060 0 60120 0 59990
413802063 59995 59990 0 60000
413806583 60060 0 60060 0
413801534 0 60110 0
367003590 8893 8970 8893 8895 8930 8895 8970 8893 8970 8893 8970
366961070 8990 9000 8990 9000 8990 9000 8990
367327650 9270 9210 9170 9100 9170 9270
215761000 13020 46850 12980 12970 46850 46770 46560
366938510 16070 16080 16370 16080 16070 16080 16110 16080 16370 16070 16080 16070 16080 16110
636012808 59960 59950 60390 16340 16080 16340
273431450 21310 20650
259995000 21310 23130
259119000 23450 23480 23130 23070 22290 21670 22290 23450 23480 23138 23070 22290 23040
229385000 23440 23480 22290 23670 23660 28828 23490
257906000 23095 23100 23095 23100
249075000 23095 37230 62800 37230
258577000 23107 23108 23107 23100 23107 23108 23107
258430000 23138 23487 23138 23487 23100 23138 23487 23138 23487 23138 23487 23130 23138 23160 23138
259612000 23330 23130 23125
259122000 23490 23450 23490 23450 23440 23450
257284000 30430 23465 23450 23485
305845000 28710 23490 28660
219330000 30640 30455 30440 30455
211417590 30800 30450 28860
219650000 30460 30450 30460 30450
219168000 30460 30455
205162000 30460 31280
273118000 34025 30900 23490
205346000 30985 31060 31010 30985
245737000 31220 31215 31020 31220
244650553 31250 31100 31080 31085 31130 31100 31085 31250 31210 31100 31210 31100 31080 31100 31120 31250
244670357 31120 31250 31270 31130 31085 31120 31085 31120 31100 31120 31085 31130 31120 31085 31250
236453000 31250 33770 35415 31140 31130 37470 37600 35040
205153000 31280 34880 35840
235007960 32230 32240
205197000 34880 31280
224102000 37470 37350 37470
263408000 37860 37900 37860
247282500 38550 38630 39180 40130 39960 39590 38550 38630 40130 39960 39590 38630 38480 38440 38610 38630 38810 38550 38630
247087700 40720 40660
999123456 45855 59960 59970 57745 59960 59970
100000000 57874 13760 50970 9000 60150 60160 57874 60150 59960 46286 60130
209714000 47100 47130 47820 47160
564832000 49995 50000 49995 50010
636091801 60390 59960 57920 57840 57777 46850 51587 47720
372562000 54050 62220 53490 62255
412764890 57817 57750 59960 59985 60200 59910
412703490 57874 57760 57820 57760 57874 59970 57874
413810008 60030 59988 60130 59991 57760 59988
413949000 57770 57818 59991 60190 59860
413436670 57822 57870 57819 57818 57770 57822 57819 57822
412429320 60200 57777 57819 59860 60140
413480730 57830 57777 57821 57822 57777 57825 57777 57825 57821 57777 57830
413902765 57777 57822 57777
413695140 57825 57821 57817 57825 57820 57817 57825 57821 57817 57821 57825 57817 57825
413355880 59970 60200 57819 57818
412470050 57819 57859 59991 60140 57819
412356940 60000 57821 57825 57822 60000
200006090 57821 57840 57821 57840 57821 57840 57821 57840 57821 57840 57821 57840 57821 57840 57821
413356230 57870 60233 57830 57821 57860 60200
412412412 59960 60170 59960 60170 59960 60170 57821 59960 60170
920101116 59930 60150 60250 59970 60250 59970 59930 60150 60250 60150 59970 60150 59930 59970 57822 59970
412437620 59910 59960 60193 60190 60250 57822 60220
413355670 57830 57860 59950 60180 57830
413324170 60180 57830 57860 59910 60193 57830
412666666 59860 57830 60205 57830 60205 57872 60150
413456789 57860 57862 57860 59985 57862 59963 57760 57860 57876 60030 59910 57876 57760
413358030 59960 60000 60010 60030 57872 59940
412424630 57872 59950 60230 60180 60193 59910 60180 59910
412459760 57874 60230
441858000 60376 58350 60376
412400000 59960 59930 59860 59960 59930 59960 59930
413507260 59976 59860 59976 59860 59960 59976
412434450 60190 59860 59970 60210 59963
412302810 59860 60133 60193 59990 60190 59986
413360530 59910 57760
412436820 59930 59960 59970 59930 59970 59910 60000 59910 59960 59950 59930 59960
412423840 59910 59970 59910 59970
413202130 60233 59910 60233 59910
413435970 59950 60193 59960 60193
413814000 59960 60010 59960 60000 60010 59860
412760490 60200 59963 60200 59970 60200 59970 60190
413325240 60250 59970 60250 60160 60165
413324490 60193 59976 60193 59976
413811888 59995 60010 59991 60060 59991 60000 60030
413802092 60000 60060 0
413304330 60190 60000 60200 60000 60130 59985
412331090 60133 60000 60193 60000 60193
413800072 60030 60060
412325850 60160 60130 60160 60130 60160 60130
412206940 60250 60160 60250 60160 60250 60160 60250 60160 60250
445279000 60170 60193
413592260 60190 60193 60190 60200 60190
441008000 62255 60320 60325 61550 61566 60390 61378 60320
440017180 60376 60320 60340 60376 60320 60376 60330 60376 60320
440153660 60323 60390 60323 60330 60323 60330 60323 60390 60376 60323 60376 60323 60330 60323 60330
440150510 60385 60390 60385 60325 60340 60385
258430000 23138 23487 23138 23480 23138 23487 23138 23487 23138 23487 23138 23487 23138 23487 23138 23487 23138 23160 23138 23487 23138
273118000 23490 22760 31670 30985
236453000 35040 34480 30350 30400 30160 31040 31250 34350 29220 28440
247442000 40130 39960 40130 39960 40130 39960 40130 39960 40130 39960 40130 39960 40130 39960 40130 39960 40130 39960 40130 39960 40130 39960 40130 39960 40130 39960 40130 39960 40130 39960 40130
412325850 60130 60160 60130 60160 60130 60160 60130 59991 60160 60130
440153660 60330 60323 60390 60323 60340 60376 60323 60320 60376 60323 60330 60376 60323 60330 60376 60323
413802092 0 60120 0 60060 60000 59995 59986 0
413806583 0 60060
413801534 0 60060
367592640 8850 8893 9140 8850
367327650 9270 9210 9150 9320 9170 8860 9170
367003590 8970 8895 8893 8895 8893 8930
366961070 8990 9000 8990
215761000 46560 12980 12970 12920 46820
100000000 59960 60150 59960 60060 60150 59860 13760 59995 60150 60130 59960 60130
366938510 16110 16370 16080 16070 16080 16370 16070 16080 16370 16070
636012808 16340 59960 59950 60390 16080
273431450 20650 62970
305845000 28660 28823 23490 23100 30985 31050 23100 23490 31050 28823 21310 22750 21950
259119000 23040 23070 23450 23095 23070 23040 23480 23060 21670 23040 23480
259995000 21900 22750 23130 32600
259612000 23125 23095 23040
257906000 23100 23095 23100 23095
257284000 23485 23450 23465 23095 23465 23115
258577000 23107 23108 23107
229385000 23490 23480 23180 23480 23440 23160 23440 30260 23440 23670 23660 23440
259122000 23450 23490
249075000 23670 31650 31220
219330000 30455 24020 30455 30460
211417590 28860 28930 28860 28840
219650000 30450 30460 30455 30460 30450
219168000 30455 30460
205346000 30985 31010 30985
245737000 31220 31020 31220 31020 31220
205197000 31280 31020 31280
244650553 31250 31100 31080 31120 31085 31100 31250 31085 31250 31270 31130 31120 31085 31250 31270 31150 31120 31080 31100 31120 31250 31085 31250
244670357 31250 31270 31250 31270 31250 31120 31100 31120 31130 31085 31130 31120 31130 31085 31080 31120 31130
205162000 31280 30985
205153000 35840 31280 35630 31280
235007960 32240 32230
224102000 37470 37350 37290 37350 37290 37350
263408000 37860 37900 37860 37950 37860
247282500 38630 39180 40130 39960 39590 38550 38630 40130 39960 39590 38550 38630 40130 39960 39590 38550
247087700 40660 39215 40660
636091801 46850 50017
209714000 47160 47100 47160
412400000 59860 59960 59930 59960 59930 59860 59960 59860 48335 59960
564832000 50010 49995 50010 49995
999123456 59970 57750 57745 59970 57872 59970 59960 59970 59960 59970 59960
413355880 57818 57750 60170 60215 57819
412377510 57777 57760 57817 57777 57822 57777 57760 57817 57777 57760
413360530 57760 57820 60000 57760
413456789 59985 60180 57862 57860 57876 57760 57860 57862 57860 57862 57760 60150 57862 57860 57862 57860 57862 57760 57860 57862 57860 60190 60180 59910 59985 59930 57760 59985 59910 59985 59910
412703490 57874 57760 57874 59970 57874 57760 57874
413436670 57822 57870 57819 57818 57830 57770 57876
413480730 57830 57825 57822 57777 57821 57825 57830
413902765 57777 57822 57777
413695140 57825 57817 57820 57817 57825 57817 57825 57817 57825 57817 57825
412470050 57819 57859 59991 59960 60193 59963
412429320 60140 57822 57819 59860 60230 59985
200006090 57821 57840 57821 57840 57821 57840 57821 57840 57821 57840
412412412 59960 57821 60170 59960 57821 60170 59960 60170
920101116 60150 59970 57822 60250 59960 59970 59960 59970 60150 59970 60150 59970 60150 60250 57822 0 59960 59970 60250 59930
413355670 57830 57860 59950 60180 57830
413356230 60200 59860 57874 57872 59910 60193 57830 57860 60170
412356940 60000 60010 60000 57830 57860
413324170 57830 57874 57876 59860 59930 60180 59860
412666666 57872 57870 57830 60150 57872 57830 59860 60250 60150
413358030 59940 59960 59950 60000 60010 57870 57872 59950 60133 57857
441858000 60376 58350 60376 59976 60376
412424630 59910 60230 60180 60190 59860 57860
413814000 59860 59970 59960 60010 57874
413507260 59976 59860 59976 59860
413949000 59860 59991 60170 57818
412436820 59960 59930 59970 59910 59970 59910 59960 59970 59910 59970 59910
412434450 59963 60180 59910 60180 60170 59991 60190
412764890 59910 60215 60193 60170 60200 57817
413202130 59910 60233 59910 60233 59910
413435970 60193 59960 60193 59970 60193 59950 60193
412423840 59970 59960 59970 59910
413325240 60165 60250 59960 59970 60140 60250 59970
412760490 60190 59970 60193 59963 59960
412302810 59986 60190 60130 60193 60200 59970 60133 59860
412459760 60230 59970 60250 59970 60250 57874
413324490 59976 60193 59976 60193 59976
412437620 60220 59976 60193 60250 60193 60250 60170 60193 60250 60190 59910
413817968 59990 59985 60000 59985
413304330 59985 60200 59985 60190 60000 60190
413802063 60000 59990 59991 59986 0
413810008 59988 59995 59986 59987 59991 59987 59991 60060
412331090 60193 60000 60250 59986 60150
413811888 60030 59991 60030 60060
413800072 60060 60030 60000 60030
412206940 60250 60160 60250 60160 60250 60160 60250 60160 60250 60160 60250
413592260 60190 60193 60190 60193 60190 60193 60190 60193 60190 60193 60190 60193 60190
445279000 60193 60170
440017180 60320 60325 60320 60340 60376 60320 60376 60330 60376 60330
441008000 60320 60330 61378 61547 61550 60390 61378 60320 61547
440150510 60385 60376 60385 60376 60385 60390 60385
372562000 62255 62220 62430 53690
259995000 32600 20695 22750 21310 20695 20920
247442000 40130 39960 40130 39960 40130 39960 40130 39960 40130 39960 40130 39960 40130 39960 40130 39960 40130 39960 40130 39960 40130 39960 40130 39960 40130 39960 40130 39960 40130 39960
413695140 57825 57821 57817 57825 57821 57817 57825 57817 57825 57777 57817 57825 57817 57825
413507260 59860 59910 59960 59976 59991 57870 57874
413802063 60120 0 59991
413802092 0 60120 57817 60060 60120 0 60000 60060 60000 60060
413806583 60060 0 60060 0
367592640 8850 9150 9170 9240 8850 0
367003590 8930 8893 8940 8895 8930 8940 8895 8970 8895 8893
366961070 8990 9000 8990 9000 8990
100000000 60150 59960 60160 59930 15810 59860 9000 60130 59930 61400
367327650 9170 9210 9170 9270 9250 9270
215761000 46850 46770 46820 46770 46560 46470 13020 12980 12970
366938510 16070 16080 16110 16070 16080 16070 16080 16370 16080 16070 16080 16370 16070
636012808 16340 59960
259612000 23040 21310 23095 23040 21310 23040 23095
305845000 28823 28660 21310 23125 21950 21310 23125 28860 28820 28660
259119000 23480 23160 23480 23070 22290 21670 23040 23095 23480
258430000 23138 23487 23138 23160 23138 23487 23138 23487 23138 22760 23138 23160 23138
257906000 23095 23100 23095
258577000 23107 23340 23107 23160 23107
259122000 23490 23450 32600 23485 23108 23450
257284000 23115 23450 23490 23465
229385000 23440 23480 23440 23670 23440 23480 23440 28828 28660 23490 23670
236453000 28440 30780 44801
211417590 28840 28860 28840 29110 30800
219650000 30450 30455 30460 30450 30460
219330000 30460 24020
219168000 30460 24020
249075000 31220 31650 30950 31100 37290 37770 23095
205346000 30985 31010 30985
205162000 30985 31280 30985
273118000 30985 62800
245737000 31220 31020 31220
244650553 31250 31100 31250 31270 31085 31120 31100 31080 31085 31080 31085 31120 31250 31100
244670357 31130 31085 31120 31130 31140 31120 31085 31130 31270 31250 31270 31250 31270 31250 31120
205197000 31280 30455
205153000 31280 35840 31280
235007960 32230 32600
224102000 37350 37470 37350 37470 37350
263408000 37860 37950 37900
247282500 38550 38630 38550 38430 38370 38290 45793 38160 38130 38170 38130 38160 38170 38130 38160 38170 38130
247087700 40660 40220 40110 45440 38775
209714000 47160 47850
564832000 49995 50000 49995 50000 49995 50000 50010 49995
636091801 50017 57777 59960 57777 57857 51587 50017 8530
372562000 53690 61355 62220 62255 62430 61630
413436670 57876 57822 57874 57859 57822 57745 57818
413949000 57818 57750 60170 60190 59860 60230
412377510 57760 57817 57777 57822 57760 57817 57777 57822 57760 57817 57777 57760 57817 57822 57760 57817
413360530 57760 57825 57818 57825 57760
412356940 57860 57864 59950 60000 57822 57821 57770 60000
413902765 57777 57830 57825
413358030 57857 57825 59860 60133 57777 60000
413324170 59860 60193 57830 57777 60170
412764890 57817 59990 60200
413355880 57819 60180 60250
413480730 57830 57821 57777
200006090 57840 57821 57840 57821 57840 57821 57840 57821 57840 57821 57840 57821 57840 57821 57840
412412412 60170 59970 60170 59960 60170 59970 57821 59960
412666666 57872 60150 57830 59860
413355670 57830 59950 60193 59950
413356230 60170 60190 57860 57870 57872 59910 60130
413456789 59910 57860 59985 59974 59910 59930 59974 59985 59930 57876 59910 57860 57876
412424630 57860 59960 60190 59860 60133
412459760 57874 57870 57874 60160 60215 60160 57874 60215
999123456 59960 59970 57872 59960 57750 59970 57819 59960 59970 59960 59970 60030
412703490 57874 59970 57874 57870
413814000 57874 59960 60010 59970
412437620 59910 57876 59960 60220 60190 57876
441858000 60376 58350 60376 60400
412400000 59860 59930 59960 59930
412302810 59860 59970 60190 59860 60133
412434450 60190 59860 60193 60215 59860
412436820 59910 59960 59910 59950 59910 59960 59930 59970
412423840 59910 59970
413202130 59910 60233 59910 60233
920101116 60150 59970 60150 60160 59970 60150 59960 59930 57830
413435970 60193 60180 59970 60193 59960 60193
412760490 59960 60200 59970 60190 59970 60200
412429320 59985 60160 60210 59970 59960 60220
412470050 59963 60140 59990 60193 59860
413811888 60060 59970 59991 60000 59991
413325240 59970 60160 60250 59970
413817968 59985 59991 59976 59985 60000 0
413324490 59976 60193 59976 60193 59976
413304330 60190 60000 60190 60000 60200 59963
413800072 60030 60010 60030 60010 60030
413801534 60060 60030 60060
413810008 60060 59987
412325850 60130 60160 60130
412331090 60150 60193 60170 59991
412206940 60250 60160 60250 60160 60250 60160 60250 60160 60250
445279000 60170 60193
413592260 60190 60193 60190 60193 60190 60193 60190 60200 60190 60200
441008000 61547 60250 61550 61465 61480 60390 61547 61550 60390
440017180 60330 60376 60325 60376 60330 60325 60320 60325 60320 60325 60320 60376
440153660 60323 60340 60323 60330 60376 60323 60340 60323 60330 60390 60376 60323 60376 60323
440150510 60385 60376 60385 60390 60385
273431450 62970 20650
