244370000 17730 19410 19130 18670 17730 19410 19130 18670 17730 19410 19130 18670 17730 19580 19410 19130 18670 17730 19580
245910000 31420 31430 31420 31430 31420 31430 31420 31040 31060
244010949 31010 0 31010 0 31010
244650884 0 31210 0 31210 0 31040 31210 0 31210 0 31270 0 31270 0
244750417 0 31250 31150 31040 31150 0 31150 31050 0
308445000 23090 23160 23440 23480 30780 100 21310 28190 23160 30780 28930 25380 27920 27220
247094800 35710 31060 23160 23111 23480 31060 23480 23111 23160 31060 32350 32690 100 32600
246506000 9960 7250 9960 7250 6340 6000 2180 5750 6000 6340 7250 9960
367400420 7560 7570 7560 7570 7560 7570 7560 7570 7560 7570 7560 7570 7560 7570
432545000 38100 7760 10610 11908 15660 16010 16300 18150
249047000 9950 7790 9950 7790 9950 7790 9950 7790 9950
249904000 8530 9865 55060 53490 53690 54030
111111111 43650 41620 8630 45295 11930 43650 46770 48262
371083000 11310 11690 11630 11400 11370 11110 11310 11690 11630 11400 11370 11110 11310 11690 11630 11400 11370 11110 11310 11690 11630 11400 11370 11110 11310 11690
229695000 11700 11720 11700 11720 11700 11720 11700 11720 11700 11720 11700 11720
354277000 15810 15790 16070 15990 15917 16070 15990 15917 16070 15990 15810 15790 16070 15790
367001740 16060 16050 16060 16050 16060 16050 16060 16050
352725000 16340 17700 57920 57840 57920 57935 16340
371795000 17700 18150 61380 61480 61560 17700 57920 57870 57840
311827000 19130 18670 17730 19130 18670 17730 19130 18670 17730 19130 18670 17730 19130 18670
311038900 28480 28370 25380 28480 28370 28190 29260 23120 21310 23160 23480 29230 28480 28370
246167000 23550 31140 23120 23160 31140 29230 28860 28480 28370 28190 25380 30260 31140 23480
311000343 31040 31420 31060 31250 31420 23160 31420 23160 31420 32350 34480 35210 35860 31420 32350
211226860 29260 24120 31130 31085 31560 31720 31760 32010 31085 31560 31720 31760 32010 31085 31560 31720 32010 31085 31560 31720 31760
309826000 24260 28820
275430000 28610 25380 28610 25380 28610 25380 28610 25380 28610 25380 28610 25380 28610 25380 28610 25380 28610 25380 28610 25380 28610 25380 28610 25380 28610 25380 28610 25380 28610
230637000 27805 25440 27805
205465000 31668 31250 28690 31670 31040 28823 35630
244730318 30990 30985 30990 30985 30990
244700203 31150 31050 31010 31215 31220 31150 31220 31215 31220
244690898 31040 31250 31040 31060 31040 31250 31040 0
244740200 31130 31100 31130 31220 31210 31215 31040 31050 31150 31040 31130
244740487 31140 31040 31140 31085 31140 31040
220449000 31760 31040 31760 31040 31760 31040 31760 31040 31760 31040 31760 31040 31760 31040 31760 31040 31760 31040 31760 31040 31760 31040 31760 31040 31760 31040 31760 31040 31760 31040 31760
311062900 31080 31660 31080 31660 31080 31660 31080 31660 31080 31660 31080 31660 31080 31660 31080 31660 31080 31660 31080 31660 31080 31660 31080 31660 31080 31660 31080 31660 31080 31660
305697000 34350 31085 31130 34350 31085 31130 34350 31085 31130 34350 31130 31085 31130 31085 34350
244513000 31085 31668 31085 31668 31085 31668 31085 31668 31085 31668 31085 31668 31085 31668 31085 31668 31085 31668 31085 31668 31085 31668 31085 31668 31085 31668 31085 31668 31085 31668
244700688 31250 31270 31210 31100 31250 31270 31210 31100 31250 31210 31250
245569000 31130 31140 31130 31210 31130 31140 31150 31130 31210 31130 31140 31130
244762000 31215 31220 31215 31210 31215 31210
244690994 31250 31270 31250 31270 31250 31270 31250 31270 31210 31250 31270 31210 31250 31270 31250 31270 31250 31270 31250 31270 31210 31250 31270 31250
664288000 31650 31375 35732
235089435 33570 33770 33570 33770 33570 33770 33570 33770 33570 33770 33570 33770 33570
310362000 34480 34690 34480 34690 34480 34690 34480 34690 34480 34690
311000274 35580 37900 37990 38190 37770 38170 38160 38130 36000 37770 35580 37560 37400 38430 36000 35840 35580 38330 39520 38430 39810 38810 39520 38290 38810 37990 38290 37990
228022900 35600 35840 35600 35840 35600 35840 35600 35840 35600 35840
235010500 35740 35710 35740
235082716 35710 35750 35710 35750 35710 35750 35710 35750 35710
228006800 35750 35740
227005270 36850 36855 36850 36855 36850 36860 36855 36850 36855 36850 36855 36850 36855
636092421 38170 46070
242127100 38330 38310 45753 38310 45753 38310 45753 38310
224882000 38480 38630 38480 38630 38480
311321000 40040 40760 40720 41610 38550 38960 39520 39810 42980 44770 42210 40040 38550 39000 39520 39810 40040 40760 40720 41610
311018500 39960 39810 39590 38630 38550 39960 39810 39590 38630 38550 39960 39810 39590 38630 38550 39960 39810 39590 38630 38550 39960 39810
311622000 39810 38960 39025 38920 38870 39100 39520 39810 41720 40530 41610 40860 40760 41220 41610 41720 39810 39590 38960
311536000 40330 42980 44807 44770 43420 44750 42905 41720 41550 41010 40760 41010 41550 39590 39025 38630
247047300 39940 39860 39940 39860 39940
247441000 39960 40130 39960 40130 39960 40130 39960 40130 39960 40130 39960 40130 39960 40130 39960 40130 39960 40130 39960 40130 39960 40130 39960 40130 39960 40130 39960 40130 39960
247178800 39960 40270 39960 40270 39960 40270 39960 40270 39960 40270 39960 40270 39960 40270 39960 40270 39960 40270 39960 40270 39960 40270 39960 40270 39960 40270 39960 40270
256020000 43388 40860 44860 43645 45030
271040024 44650 43388 44650 43388 44650 43388 44650 43388 44650 43388
663036000 45820 45835 45820 45835 45820 45835 45820 45835 45820 45835 45820 45835 45820 45835 45820
308228000 46130 46070
477110900 49240 49930
563485000 57935 57955 57920 57840 50010 49930 49850 50010 57840 57955 57935 61380 61390 61460 61480 61490 57935 57955 57920 57840
636012796 57461 50010 49930 50970 50010 57461 50010 49930 50970 50010 57461 50010
566417000 49995 50000 50017 49995 50000 49995 50015 50000 50015 50010
566946000 50010 50000 50017 49995 50017 50000 50017 50000 49995 50017 50000 50017 50000 50017 50000 50017 49995 50017 50000 50017 50000 50017 49995 50017
525005054 50970 53133 51130
525002126 51130 51840 51130 51840 51130 51840 51130
525005017 51780 52320
309913000 51780 61230 62600 20120
525005001 53133 50970
229136000 53650 57320 57230 53650 57320 53650
477136600 57575 59960 59970 57462 57450 57462 57890 59960 59970 57450
566235000 61390 61380 61480 60140 57840 57777 57650 57462 57450 57462 57840 57777 60140
352566000 61595 61550 59970 57680 61480
412522280 57760 57750 57760 57750 57760 57750 57760 57750 57760 57750 57760 57750 57760 57750 57760 57750 57760 57750 57760 57750 57760 57750 57760 57750 57760 57750 57760
413191000 57819 57770 57821 57768 60180 60193 57819
311000165 57840 57920 57816 57840 57920 57955 57840
413553660 57822 60230 59950 60150
477936500 62160 57825 62160 57822
416487000 60140 60130 57920 57955 57890 60250 60190 60140 60130 57920 57955 57890 60140 60250 60190 60130 60140 60130
431281000 57890 61480 61270 61230 62600 61165 61390
311992000 58395 51587
413553910 59950 59963 59950 59963 59960 59976 59960 59950 59960 59950 59963 59950 59963 59960 59963 59950 59963 59950 59960 59976 59950
413435930 59970 59960 59987 59950 59990
412570920 60010 60215 59963 60170 60230 59963
413794737 59976 59970 59976 59987 59976
412362530 59970 59990 57822
413826531 60010 59995 60000 59995 60000 60010 60000
412786000 60130 60320 60130 60320 60130 60320 60130 60320 60130 60320 60130 60320 60130 60320 60130 60320
413328380 60250 60150 60250 60150
412330020 60250 60160
355319000 60250 60320 60250 60320 60250 60320 60250 60320 60250 60320 60250 60320 60250 60320 60250 60320 60250 60320 60250 60320 60250 60320 60250 60320 60250 60320 60250
431602036 60390 62430 60390 62430 60390
431301684 61560 62224 61560 62224 61560 62224 61560 62224 61560 62224 61560 62224 61560 62224 61560 62224 61560 62224 61560 62224 61560
431000629 61970 61840 61800 61840 62110
431005219 61890 61870 61890 61870 61890 61870 61890 61870 61890 61870 61890 61870 61890 61870 61890 61870 61890
308445000 27220 27400 20920 28190 28370 28610 28720 29230 28880 30780 20650 23160 20920 21310 28190 23160 30780 28720 28480 28370
244700688 31250 31100 31210 31100 31210 31100 31250 31100 31210 31250 31100 31270 31100 31270 31080
311062900 31660 31080 31660 31080 31660 31080 31660 31080 31660 31080 31660 31080 31660 31080 31660 31080 31660 31080 31660 31080 31660 31080 31660 31080 31660 31080 31660 31080 31660 31080
244513000 31668 31085 31668 31085 31668 31085 31668 31085 31668 31085 31668 31085 31668 31085 31668 31085 31668 31085 31668 31085 31668 31085 31668 31085 31668 31085 31668 31085
211226860 31760 32010 31085 31560 31720 32010 31085 31560 31720 31760 31085 31560 31720 32010 31085 31560 31720 32010 31085
311000343 32350 32440 33020 33770 34480 34350 35860 31420 31060 30780 24120 29230 30400 31420 32440 34480 35860 31420
311622000 38960 38920 38550 38610 38630 39210 39100 39000 38870 38550 38810 39025 39590 39810 41720 41610 40860 40760 41610
247441000 39960 40130 39960 40130 39960 40130 39960 40130 39960 40130 39960 40130 39960 40130 39960 40130 39960 40130 39960 40130 39960 40130 39960 40130 39960 40130 39960 40130 39960 40130 39960 40130
247178800 40270 39960 40270 39960 40270 39960 40270 39960 40270 39960 40270 39960 40270 39960 40270 39960 40270 39960 40270 39960 40270 39960 40270 39960 40270 39960 40270 39960 40270 39960
311321000 41610 38550 39590 39810 42210 44770 40040 39000 39590 39810 40040 40760 40720 38550 38960 39590 39810 42210
413826531 60000 60010 60000 60010 59995 60000 60010 60000
416487000 60130 57920 57955 57890 59970 60250 60190 60130 57920 57955 57890 60250 60190 60140 60130 57920
566235000 61380 61390 61480 60140 57840 57777 57462 57450 57462 57840 57777 61380 61390 60140
431005219 61890 61870 61890 61870 61890 61870 61890 61870 61890 61870 61890 61870 61890 61870
244010949 31010 0 31010 31060
244690898 0 31060 31250 0 31140 31040 31085 31140 31040
244650884 0 31210 0 31210 31150
244750417 0 31250 31220 31150 31100 31140 31010 31150 31140 31130 31150
431281000 61390 61480 61390 61480 0 61560 62420 61560 61650 62225 62430 62225 0 61650 61910
247094800 32600 31060 23160 23111 23160 23480 31060 23480 23160 100 23480 31060 23160 100 31060
246506000 9960 7250 9960 7250 6700 6340 6000 6340 6700 7250 100
367400420 7570 7560 7570 7560 7570 7560 7570 7560 7570 7560 7570 7560 7570
111111111 45819 60130 48290 15310 39960 59930 44810 15500 43650 59960 8660 38505 45295 38870 13760 45819 39550 42210 59860 43650 59930 59960 45819 11930 38505 38630 48262 59960 59930 60200 42905 59960 46770 60150
249047000 9950 7790 9950 7790
371083000 11690 11630 11400 11370 11110 11310 11690 11630 11400 11370 11630 11020 11400 11370 11690 11630 11400 11370 11630 11020 11370 11430 11550
229695000 11720 11700 11720 11700 11720 11700 11720
354277000 16070 15810 15790 16070 15810 15790 16070 15790 15810 16070 15790 16070 15790 16070
367001740 16050 16060 16050
352725000 16080 57920 16340 17700 16080
311827000 18670 17730 19130 18670 17730 18670 17730 18670 17730 18670
244370000 19580 19410 18670 19130 17730 18670 17730 19410 18670 17730 18670 17730 19410 18670 17730 19410
309913000 20120 19760 18670 18950 61190 18670 18150 19760
432545000 18150 62220 19760 61390 60390 62220 61390
311038900 28370 28190 25380 28480 28370 28190 29230 23160 21310 23480 29230 28480 28370 28190 25380
246167000 23480 23550 31140 23120 31140 29230 28860 28480 28370 28190 25380 30260 31140 23480 23550 31140
309826000 28820 24260 28820
275430000 28610 25380 28610 25380 28610 25380 28610 25380 28610 25380 28610 25380 28610 25380 28610 25380 28610 25380 28610 25380 28610 25380 28610 25380 28610 25380 28610 25380 28610 25380 28610 25380
230637000 27805 25440
205465000 35630 31260 28390 28370 31430 31040 28823
664288000 35732 28930 31050 23950
245910000 31060 30840 30810 30850 30810
244740200 31130 31150 31130 31040 31020 31010 30985 30990 30985 30990 30950 30990 30950 30990 30950 30990 30985 30990
244730318 30990 30985 30990
244740487 31040 31140 31085 31150
220449000 31760 31040 31760 31040 31760 31040 31760 31040 31760 31040 31760 31040 31760 31040 31760 31040 31760 31040 31760 31040 31760 31040 31760 31040 31760 31040 31760 31040 31760 31040 31760 31040
305697000 34350 31085 31130 34350 33770 31130 31085 31130 34350 31130 31085 31130 34690 34350 31085 31130 34350 31085 31130
245569000 31130 31085 31130 31150 31085
244700203 31150 31220 31210 31220 31150 31215 31150 31220 31150
244762000 31210 31220 31210 31215 31250 31215 31210 31220 31210
244690994 31250 31270 31250 31270 31250 31220 31250 31270 31250 31270 31210
311536000 38630 38480 38550 38610 38430 38330 45793 37990 37950 36460 33390 35860 35710 34350 33390 33770
235089435 33570 33770 33570 33770 33570 33770 33570 33770 33570 33770 33570 33770
310362000 34690 34480 34690 34480 34690 34480 34690 34480 34690
311000274 37990 37900 35580 38330 38370 39000 38630 38610 38290 35580 38330 38430 39810 39520 38810 38290 37990 37900 35580
228022900 35840 35600 35840 35600 35840 35600 35840 35600 37470
235010500 35740 35710 35740 35710 35740 35710 35740 35710 35740 35710 35740 35710
228006800 35740 35710 35740 35750 35710 35740 35750
235082716 35710 35750 35710 35750 35710 35750 35710 35750 35710 35750
227005270 36855 36850 36855 36850 36855 36850 36860 36855 36850 36855 36850 36855 36850 36855 36850
242127100 38310 45753 38310 45753 38310 45753 38310 45753 38310 45753 38310
256020000 45030 43670 38480 38370
224882000 38480 38630 38480 38630 38480 38630 38480 38630
311018500 39810 39590 38550 39960 39810 39590 38630 38550 39960 39810 39590 38630 38550 39960 39810 39590 38630 38550 38370 39960 39590 38630
247047300 39940 39960 39940 39960 39940 39960 39940 39960 39940 39960 39940 39960 39940 39960 39940 39960
271040024 43388 44650 43388 44650 43388 44650 43388 44650 43388 44650
663036000 45820 45835 45820 45835 45820 45835 45820 45835 45820
308228000 46070 32700 46170 46000
636092421 46070 46560
563485000 57840 50010 49930 49850 50010 57840 57955 57935 61380 61390 61460 61480 61490 57935 57920 57840 50010
636012796 50010 49930 49995 50970 50010 57461 50010 49930 50970 50010 57461 50010 49930
477110900 49930 50017 50000 59960
566417000 50010 50000 50015 49995 50000 49995 50000 50017
566946000 50017 50000 50017 50000 50017 50010 50015 50010 50000 50017 49995
249904000 54030 54520 50017 59970 61555 61480 61385 61356 9865
525005001 50970 51130 50970 51130 50970 53133 50970
525005054 51130 52320 51130 50970 51130 53133 50970
525002126 51130 51840 51130 51840 51120 51130 51840 51130 51840
311992000 51587 57890 58370 50017
525005017 52320 51780 52320 51780 52320 52720 52320
229136000 57320 53650 53490
477136600 57450 57462 59960 59970 57450 59960
412522280 57760 57750 57760 57750 57760 57750 57760 57750 57760 57750 57760 57750 57760 57750 57760 57750
413191000 57819 57768 60190 57750
371795000 57840 57777 57840 57857 61480 61380
311000165 57840 57650 57840 57816 57840 57955 57920 57840 57955 57890 57840 57650
412362530 57822 59970 59990 57750
477936500 57822 60725 62505 61480
412570920 59963 59970 59960 57859 59960 59970 57819
352566000 57920 61355 61372 57777
413553910 59950 59960 59976 59950 59960 59976 59950 59960 59976 59950 59960 59963 59960 59976 59950 59960 59950
413794737 59976 59970 59976 60010 59985 60010
413435930 59990 59950
413553660 60150 60250 60000 60250 57821
412786000 60320 60130 60320 60130 60320 60130 60320 60130 60140
413328380 60250 60150 60250 60150 60250
412330020 60160 60250
355319000 60250 60320 60250 60320 60250 60320 60250 60320 60250 60320 60250 60320 60250 60320 60250 60320 60250 60320 60250 60320 60250 60320 60250 60320 60250 60320
431602036 60390 62430 60390 62430 60390 62430 60390 62430 60390 62430 60390 62430 60390 62430
431000629 62110 62400 62170 62110 61470 62280 61970 61965
431301684 61560 62224 61560 62224 61560 62224 61560 62224 61560 62224 61560 62224 61560 62224 61560 62224 61560 62224 61560 62224 61560 62224 61560 62224 61560 62224 61560
371083000 11550 11630 11400 11370 11630 11400 11370 11630 11400 11370 11630 11370 11630
367001740 16050 16060 16050 16060 16050 16060 16050
664288000 23950 31375 37000 31250
244700688 31080 31100 31250 31210 31250 31210 31250 31270 31100 31250 31210 31250 31270 31210 31250 31210 31250 31100 31250
311062900 31080 31660 31080 31660 31080 31660 31080 31660 31080 31660 31080 31660 31080 31660 31080 31660 31080 31660 31080 31660 31080 31660 31080 31660 31080 31660 31080 31660 31080 31660
244513000 31085 31668 31085 31668 31085 31668 31085 31668 31085 31668 31085 31668 31085 31668 31085 31668 31085 31668 31085 31668 31085 31668 31085 31668 31085 31668
228022900 35840 35600 35840 35600 37470 35600 35840 35600 35840 35600 35840 35600
247178800 39960 40270 39960 40270 39960 40270 39960 40270 39960 40270 39960 40270 39960 40270 39960 40270 39960 40270 39960 40270 39960 40270 39960 40270 39960 40270 39960 40270 39960 40270 39960 40270
413826531 60000 60010 60000 60010 60000 60010 60030 59987
477936500 61480 61550 59970 59991 62505
244750417 31150 31140 0 31040 31140 0 31040
244690898 31040 0 31040 0
244650884 31150 31215 31270 31150 0 31210 0 31210 0 31210 0 31210 0 31210
244700203 31150 31060 31050 0 31220 31280 31290 31270 31280 31270 31215 31150 31010 31150 31270 31150
246506000 100 7250 23160 31060 31280 6340 6700 7250 7150 6550
311038900 25380 28480 28370 28190 29230 31930 6340 100 14100 640 6700
246167000 31140 23160 31140 32600 32700 100 23160 31140 23480 23550 31140 23160
311000343 100 31420 32440 32690 32600 31930 31420 29230 28860 28480 28370 28190 24120 31420 23160
308445000 28370 690 28190 25380 29230 30900 28860 29230 24050 23810 30900 690 45820
367400420 7570 7560 7570 7560 7570 7560 7570 7560 7570 7560 7570 7560 7570
249047000 7790 2180
249904000 17700 16070 15765 9865 8530 8300 8210
229695000 11720 11700 11720 11700 11720 11700 11720 11700 11720
352725000 57920 57857 57840 57920 11908 11910 11908 57920 57935 16080 11908 11905 11908 11905 11908 16080 16340
111111111 60000 60150 41620 60150 43650 8630 59930 60150 59930 59974 42210 15423 55540 59930 59970 15500 46770 59960 59970 59960 60000 38870 38980 59960 38160 59960 59930 59970 59974 59960 59930 59960 15423 59970 59960 59970 59960 59930
354277000 16070 15810 15790 16070 15810 16070 15790 15810 16070 15810
371795000 61380 17700 18150 61480 61380 61480 61560 57920
311827000 18670 17730 18670 17730 15810 18670 17730 18670 17730 18670
244370000 18670 17730 18670 17730 18670 19410 18670 17730 19410 18670 17730 18670 17730 18670
309913000 19760 55840
247094800 31060 23160 23480 31060 23160 23480 31050 23480 45793 23160 31060
275430000 25380 28610 25380 28610 25380 28610 25380 28610 25380 28610 25380 28610 25380 28610 25380 28610 25380 28610 25380 28610 25380 28610 25380 28610 25380 28610 25380 28610 25380 28610 25380 28610
230637000 25440 27805 25440 27805
205465000 28823 28690 31250 29555 28690 31040
309826000 28820 24260
245910000 30810 30910 30990
244740200 30990 30950 30990 30950 30985 30950 30990 30985 30990 30985 30990 30985 30990
244730318 30990 30985 30990 30985 30990 30985 30990
244010949 31060 31040 31010 31020 31150 31085 31140 31010 31050
244740487 31150 31040 31150 31040 31140
220449000 31040 31760 31040 31760 31040 31760 31040 31760 31040 31760 31040 31760 31040 31760 31040 31760 31040 31760 31040 31760 31040 31760 31040 31760 31040
245569000 31085 31130 31150 31130 31085 31130
305697000 31130 34350 31085 31130 31085 33770 34480 31085 31130 31085 34690 33770 33390 34690 34480 31130 31085 31130 33770
211226860 31085 31560 31720 32010 31085 31560 31720 31760 32010 31085 31530 31720 32010 31085 31560 31720 32010 31760 31085 31560
244762000 31210 31215 31220 31270 31220 31210
244690994 31210 31270 31250 31270 31250 31270 31250 31270 31250 31270 31250 31270 31250 31210 31250 31270 31250 31270 31250
311000274 35580 38610 38330 38370 39000 38630 38330 38610 38290 35580 38330 38430 39810 39520 38810 38290 37990 37900 35580 31280 35840
235089435 33770 33570 33770 33570 33770 33570 33770 33570 33770 33570 33770 33570 33770 33570 33770 33570
311536000 33770 35450 35710 35860 37400 37770 37950 37990 38330 38550 38810 38920 39590 39810 41010
310362000 34690 34480 34690 34480
235010500 35710 35740 35710 35740 35710 35740 35710 35740 35710 35740
235082716 35750 35710 35750 35710 35750 35710 35750 35710 35750 35710 35750 35710 35750 35710 35750 35710 35750 35710 35750 35710 35750 35710 35750 35710 35750
228006800 35750 35710 35750
227005270 36850 36855 36860 36850 36855 36850 36855 36850 36855 36850 36860 36850 36855 36850
311622000 41610 39810 39590 39025 38920 38550 38610 38480 38390 38330 45755 38290 37990 38290 38370 38440 38610 38550 39470 39590 39810 44750
308228000 46000 38170 37830
242127100 38310 45753 38310 45753 38310 45753 38310 45753
256020000 38370 43572
224882000 38630 38480 38630 38480 38630 38480 38630 38480 38630 38480 38630 38480 38630 38480
311321000 42210 44770 42980 40040 38550 39520 39810 40040 40760 39590 39810 42210 40040 38550
311018500 38630 38550 39960 39810 39590 38550 39960 39810 39590 38550 39810 39590 38960 38630 38550 39810 39590 38960 38630 38550 39960
247047300 39960 39940 40000 39960 40000 39960 40000 39960 40000 39960 40000 39960 39940 39960 39940 39960 39940 39960 39940 39960 39940 39960 39940 39960 39940 39960 39940 39960 39940
247441000 40130 39960 40130 39960 40130 39960 40130 39960 40130 39960 40130 39960 40130 39960 40130 39960 40130 39960 40130 39960 40130 39960 40130 39960 40130 39960
271040024 44650 43388 44650
663036000 45820 45835 45820 45835 45820 45835 45820 45835 45820 45835 45820
636092421 46560 46770
563485000 50010 49930 49850 50010 57840 57955 57935 61380 61390 61460 61490 61480 57955 57920 57840 50017 49930
636012796 49930 50970 50010 57461 50017 49930 50970 50010 57461 49982 50010 49930
229136000 53650 54670 53490 53650 54670 50000 49982 50000 54670
566946000 49995 50000 50017 49995 50017 50015 50000 49995 50010 50015 50000 50017 50000 50017 49995
566417000 50017 50010 50017 50010 50000 50017 50000
311992000 50017 58395 50017
525005001 50970 51130 50970 53133 51130 50970 53133 51130 50970 51130
525005054 51130 50970 51130
525002126 51130 51120 51130 51840 51130 51840 51130 51840 51130 51840 51130 51840 51130 51840
525005017 52320 51780 52320
566235000 60140 57840 57777 57650 57462 57450 57462 57840 57777 61380 61390 61480 60140 57840
477136600 59960 59970 57450 57462 57575 59960 59970 57450
311000165 57840 54520 57650 57840 57920 57955 57840 57816 57840
413191000 57750 57745 59995 60133 60190 60230
412522280 57750 57760 57750 57760 57750 57760 57750 57760 57750 57760 57750 57760 57750 57760 57750 57760 57750 57760 57750 57760 57750 57760 57750 57760 57750 57760 57750 57760 57750
412362530 57750 59985 59990 57821
412570920 57819 57859 59960 60140
413553660 57821 57822 60150 60250 59988 60000 60150
416487000 57920 57955 57890 60250 60190 60140 60130 57920 57955 57890 59970 60250 60190 60140 60130 57920 57955 59970
413435930 59950 59960 59930 59976 59910 59960 59990 59960 59976 59995 59930
413553910 59950 59963 59960 59963 59950 59960 59976 59960
477110900 59960 60390 60325 59991 60140 60390 60325
352566000 61480 61550 59970 60190 60230 61480
413794737 60010 59986 60010 60000
412786000 60140 60130 60320 60130 60320 60130 60320 60130 60320 60130 60320 60130 60320 60130 60320 60130 60320 60130
413328380 60250 60150 60250
412330020 60250 60160 60250 60160 60250 60160 60250 60160 60250 60160 60250 60160 60250 60160 60250 60160 60250 60160 60250 60160
355319000 60320 60250 60320 60250 60320 60250 60320 60250 60320 60250 60320 60250 60320 60250 60320 60250 60320 60250 60320 60250 60320 60250 60320 60250 60320
432545000 61390 61910 61390 61940 61390 60390 61390 61870
431602036 62430 60390 62430 60390 62430 60390 62430 60390 62430 60390 62430 60390 62430
431281000 61910 61560 62225 61700 61480 61380 62225 61390 61350
431301684 62224 61560 62224 61560 62224 61560 62224 61560 62224 61560 62224 61560 62224 61560 62224 61560 62224 61560 62224 61560
431000629 61965 61630 61840 61490
431005219 61870 61890 61870 61890 61870 61890 61870 61890 61870 61890 61870 61890 61870 61890
246506000 6550 6000 7250 6700 5750 7250 6340 5750 6000 6340 7250 6340 7250
249904000 8210 30900 31280 35580 8210
309826000 24260 28820 24260 28820 24260 28820 24260 28820 24260 28820
311062900 31660 31080 31660 31080 31660 31080 31660 31080 31660 31080 31660 31080 31660 31080 31660 31080 31660 31080 31660 31080 31660 31080 31660 31080 31660 31080 31660 31080 31660 31080 31660
305697000 34480 33770 31130 31085 34690 33770 34480 31130 31085 31130 33770 34690 33770 34690 34480 31130
310362000 34480 34690 34480 34690 34480 34690 34480 34690 34480 34690
228022900 35600 35840 35600 35840 35600 35840 35600 35840 35600 35840
311000274 35840 35580 38190 38330 38430 39810 39520 38810 38290 37990 37900 35580 37900 38130 38170 38160 37990 37400 35580 37900
224882000 38480 38630 38480 38630 38480 38630 38480 38630 38480 38630 38480 38630
247441000 39960 40130 39960 40130 39960 40130 39960 40130 39960 40130 39960 40130 39960 40130 39960 40130 39960 40130 39960 40130 39960 40130 39960 40130 39960 40130 39960 40130 39960 40130 39960
271040024 44650 43388 44650 43388 44650 43388
371795000 57920 57870 57840 57857 61380 61480 61380 57920 17700 18150 61380
477110900 60325 59991 60140 60390 60325 59991 60140 60390 60325 59991 60140 60390 60325 59991 60140 60390 60325 59991
244010949 31050 0 31010 31040 30990 31010 0 31010
244750417 31040 31250 31150 0 31010
244690898 0 31150 31140 31150 31060 31040 31140 0 31040
244650884 31210 31150 0 31210 31270 0 31270 0
249047000 7790 7250 7150 6000 6340 7790 7250 7150 2180 6340
311038900 6340 7250 2235 6700 6340 2235 6340 7250
367400420 7570 7560 7570 7560 7570 7560 7570 7560 7570 7560 7570 7560 7570 7560 7570 7560 7570 7560
111111111 38980 38870 46770 38870 38980 38870 59930 60150 59930 60000 59930 59960 38870 60130 59970 60150 8630 40000 59930 60150 59960 57870 60150 59960 38870 1670 15310 15480 59970 60150
371083000 11630 11400 11370 11690 11630 11400 11370 11690 11630 11400 11370 11690
229695000 11720 11700 11720 11700 11720 11700 11720 11700 11720 11700 11720
352725000 16340 17700 57920 57857 57840 57920 11908 11905 11910 57920 57935
354277000 15810 16070 15810 16070
367001740 16050 16060 16050 16060 16050 16060 16050 16060 16050
311827000 18670 17730 18670 17730 16850 18670 17730 16080 19410 18670 18150 15810
244370000 18670 17730 18670 17730 16300 18670 17730 56300
246167000 23160 31140 23480 23550 31140 31530 21310 22030 45080 23160 31140 35580 37770 37950 37990
311000343 23160 31420 31060 31250 31420 29230 28860 28480 28370 28190 25380 31420 31060 21310 23160 31420 31060 31280 35950 35850 35860 31420
275430000 28610 25380 28610 25380 28610 25380 28610 25380 28610 25380 28610 25380 28610 25380 28610 25380 28610 25380 28610 25380 28610 25380 28610 25380 28610 25380 28610 25380 28610 25380 28610
230637000 27805 25440
205465000 31040 28823 28370 31430 31610 31140 31130 31250 29555
308228000 37830 28720 28710
308445000 30900 30780 35600 37400 37990 45755 38630 38990 43420
245910000 30990 30910 30850 30840 30810 30850 30860
244740200 30990 30950 30990 30950 30990 30985 30990 30950 30990 30985 30990 30985 30990
244730318 30990 30985 30990 30985 30990 30985 30990 30985 30990
244740487 31140 31120 31140 31040 31140 31130 31140 31040 31150 31140 31150
220449000 31760 31040 31760 31040 31760 31040 31760 31040 31760 31040 31760 31040 31760 31040 31760 31040 31760 31040 31760 31040 31760 31040 31760 31040 31760 31040 31760 31040 31760 31040 31760
247094800 31060 35710 37770 37950 37990 38290 38370 38630 38810 39440 38370 38290 45793 38290 37990 38480 38550 39440 38370 45793 38480 38290 37990 40100 38480 38550 39440
245569000 31130 31100 31130 31150 31130 31085 31130 31150 31215 31150 31130
211226860 31560 31720 31085 31560 31720 32010 31085 31560 32010 31085 31560 32010 31085 31560 31720 31760
244513000 31668 31085 31668 31085 31668 31085 31668 31085 31668 31085 31668 31085 31668 31085 31668 31085 31668 31085 31668 31085 31668 31085 31668 31085 31668
244700688 31250 31210 31270 31100 31250 31210 31270 31210 31250 31270 31250
244700203 31150 31220 31215 31220 31150 31220 31140 31220 31150 31270 31220
244762000 31210 31215 31210 31215 31210 31220 31210
664288000 31250 30780
244690994 31250 31270 31250 31270 31250 31270 31250 31270 31250 31270 31250 31270 31250
235089435 33570 33770 33570 33770 33570 33770 33570 33770 33570 33770 33570 33770 33570 33770 33570 33770 33570 33770 33570
311018500 39960 39810 39590 38960 38550 39810 39590 38960 38630 38550 39960 39810 39590 38960 38630 38550 38430 38370 37990 35580 36460
235010500 35740 35710 35740 35710 35740 35710 35740 35710 35740
235082716 35750 35710 35750 35710 35750 35710 35750 35710 35750 35710 35750 35710 35750 35710 35750 35710 35750
228006800 35750 35710 35750
227005270 36850 36855 36850 36860 36850 36855 36850 36855 36850 36855 36850 36855 36850 36855 36850 36860 36850
242127100 45753 38310 45753 38310 45753 38310 45753 38310 45753 38310 45753
311321000 38550 39000 39520 39810 40040 40760 40720 41610 38550 39520 39810 42210 40040 38550 39000 39590 39810 40040 40760
247047300 39940 39960 39940 40000 39960 40000 39960 40000 39960 40000 39960 40000 39960 40000 39960 40000 39960 40000 39960 40000 39960 40000 39940 40000
247178800 40270 39960 40270 39960 40270 39960 40270 39960 40270 39960 40270 39960 40270 39960 40270 39960 40270 39960 40270 39960 40270 39960 40270 39960 40270 39960 40270
311536000 41010 40760 42905 44750 43420 44770 42980 44807 42905 43420 44770 44807 42980 40130 39960
311622000 44750 43420 44770 44807 42980 42530 43420 45080 44950 44820 44807 44770 43420 42600 44807
256020000 43572 38000
663036000 45820 45835 45820 45835 45820 45835 45820 45835 45820 45835
636092421 46770 8560
563485000 49930 49850 50010 57840 57955 57935 57955 61380 61390 61460 61480 61490 57935 57955 57920 57840 50010 49930 49850
636012796 49930 50970 50010 57461 49995 50017 49930 50970 50010 57461 50970 49995 50017 49930 50017 50970 57461
566946000 49995 50000 50017 50000 49995 50000 50017 50015 50000 50015 50000 50015 50000 50015 50000 50015 50017 50015 50017 50000 49995 50000 49995
566417000 50000 50017 50000 49995 50017 50000 49995 50000 50010 50017 50000
311992000 50017 58395 49995
525005054 51130 50970 51130 50970 51130
525005001 51130 50970 53133 51130 50970 53133 50970 51130
525002126 51840 51130 51840 51130 51840 51130 51840 51130 51840
525005017 52720 51840 52320
229136000 54670 53490 53650 57320
566235000 57840 57650 57462 57450 57462 57840 57777 57857 61380 61390 60140 57840
477136600 57450 57575 59960 59970 57462 57450 57462
412522280 57750 57760 57750 57760 57750 57760 57750 57760 57750 57760 57750 57760 57750 57760 57750 57760 57750 57760 57770
413191000 60230 57825 57777 59960 59990 59960 59976
311000165 57955 57840 57816 57840 57920 57955 57840 57816 57840
412362530 57821 59991 59990 57821
477936500 62505 62160 57825 57822 62160
412570920 60140 60230 59860 57876 59995
309913000 61190 61822 61760 60410 62140 61650 61560 61940 61650 57890 55530
416487000 59970 60250 60190 60140 60130 57920 57955 57890 59970 60250 60190 60140 60130 57890 57920
413435930 59930 59960 59976 59995 59960
413553910 59960 59976 59950 59963 59960 59950 59963 59950 59963 59950 59963 59950 59963 59960 59950 59976 59990 59950 59960 59976
413553660 60150 60215 59974 60150 60230 59970 60150
413794737 59976 59974 59976 60010 60060
413826531 59987 59995 60000 60010 60000 60060 60010 59987
412786000 60130 60320 60130 60320 60130 60320 60130 60320 60130 60320 60130 60320 60130 60320 60130 60320 60130
413328380 60250 60150 60250
412330020 60160 60250 60160 60250 60160 60250
355319000 60320 60250 60320 60250 60320 60250 60320 60250 60320 60250 60320 60250 60320 60250 60320 60250 60320 60250 60320 60250 60320 60250 60320 60250 60320 60250 60320
432545000 61870 61350 61190 61390 61460 61545 61390 61350 60390 62140 61822 61190 61390
431602036 62430 60390 62430 60390 62430 60390 62430 60390
431281000 61350 61390 60610 61870 61910 61750 61390 61160 61390 61480 61560 51260
431000629 61490 61385 61356 61400 61385 62175 61840 62170 61970 62280
352566000 61480 61550 62160 57437
431301684 61560 62224 61560 62224 61560 62224 61560 62224 61560 62224 61560 62224 61560 62224 61560 62224 61560 62224 61560 62224 61560 62224 61560 62224 61560 62224 61560 62224 61560 62224 61560
431005219 61890 61870 61890 61870 61890 61870 61890 61870 61890 61870 61890 61870 61890 61870 61890 61870 61890 61870 61890 61870 61890 61870 61890 61870 61890 61870 61890
249904000 8210 8530 55060 9865 54030 55060 53490 53690 53490
371083000 11690 11630 11400 11370 11630 11690 11630 11400 11370 11520 11630 11400 11370 11400 11520 11630 11370 11550 11700 11630
352725000 11910 11908 57935 16340 11908 11905 11908 11905 11908 16080 57935 16340 17700 45100
367001740 16050 16060 16050 16060 16050 16060 16050 16060 16050 16060
244370000 16300 16010 55670 56300 56280 55740 55670 55540 55590 0 55740 55770
311062900 31660 31080 31660 31080 31660 31080 31660 31080 31660 31080 31660 31080 31660 31080 31660 31080 31660 31080 31660 31080 31660 31080 31660 31080 31660 31080 31660 31080 31660 31080 31660 31080
211226860 31760 32010 31085 31530 31720 32010 31085 31560 31720 32010 31560 31085 32010 31085 31560 31720 32010 31085
311000274 37900 38130 38190 38160 38170 37990 38130 35580 37900 38130 38160 37990 37400 35580 31280 35840 35580 7790
247441000 39960 40130 39960 40130 39960 40130 39960 40130 39960 40130 39960 40130 39960 40130 39960 40130 39960 40130 39960 40130 39960 40130 39960 40130 39960 40130 39960 40130 39960 40130 39960
247178800 40270 39960 40270 39960 40270 39960 40270 39960 40270 39960 40270 39960 40270 39960 40270 39960 40270 39960 40270 39960 40270 39960 40270 39960 40270 39960 40270 39960 40270 39960
413553910 59976 59950 59960 59976 59950 59963 59950 59963 59960 59963 59950 59960 59950 59960 59990 59976 59950 59960 59976
431005219 61890 61870 61890 61870 61890 61870 61890 61870 61890 61870 61890 61870 61890 61870 61890 61870 61890 61870 61890 61870 61890
244650884 0 31270 0 31210 0 31210 31270 0 31210
111111111 59960 60200 38870 59960 60200 60150 43650 60130 15480 8280 38630 8225 1670 59974 60150 59930 8640 8630 60150 57864 8225 60200 46770 8280 59960 57816
249047000 6340 11630 7790 7250 2180 6000 6340 7790 11370 11550 11520 11400 11630
311038900 7250 6340 6000 2235 8500 6000 6550 6700 7225 12650 8500 8630 13760
246506000 7250 6340 8595 6340 7250 16010 8595 8630 16010
367400420 7560 7570 7560 7570 7560 7570 7560 7570 7560 7570 7560 7570 7560 7570 7560 7570 7560
636092421 8560 9865 15250 15275 28720
229695000 11720 11700 11720 11700 11720 11710
311827000 16850 16080 15810 16080 15810 15790 15810 16080 15790 16080 15790 15810
354277000 16070 15790 56280 56090 16070
311000343 31420 31060 30780 24120 29230 30400 31420 31060 23090 21310 11430 23090 23100 23160 31420 31060 38330 38160
664288000 30780 23950 31560 31375
309826000 28820 24260 28820 24260 28820 24260 28820 24260 28820
275430000 28610 25380 28610 25380 28610 25380 28610 25380 28610 25380 28610 25380 28610 25380 28610 25380 28610 25380 28610 25380 28610 25380 28610 25380 28610 25380 28610 25380 28610 25380 28610 25380
230637000 25440 27805
308228000 28710 46070 32700 31040 38170
205465000 29555 28823 35630 31250 28823 31150
245910000 30860 30850 30780 30785 30780 30800 30910
244740200 30990 30985 30990 30950 30990 30985 30990 30950 30990 30985 30990 30950 30990 30950 30990 30985 30990
244730318 30990 30985 30990 30985 30990 30985 30990
244010949 31010 30990 31010 31060 31040 0
244750417 31140 31130 31150 31140 31040 31010 0
244690898 31040 31060 31040 31085 31040
244740487 31150 31140 31130 31140 31040 31140 31130 31140 31040 31140 31085 31140 31120 31140 31150
244513000 31668 31040 31668 31085 31668 31085 31668 31085 31668 31085 31668 31085 31668 31085 31668 31085 31668
220449000 31760 31040 31760 31040 31760 31040 31760 31040 31760 31040 31760 31040 31760 31040 31760 31040 31760 31040 31760 31040 31760 31040 31760 31040 31760 31040 31760 31040 31760 31040 31760
244690994 31250 31100 31250 31100 31080 31085 31080 31085 31080 31120 31150 31250 31100 31130 31080 31130 31120 31250 31120 31130 31080 31130 31120 31085 31250 31150
305697000 31130 31085 31130 33770 31085 31130 31085 34690 33770 33390 34690 34480 31130 31085 33770 34480
244762000 31210 31220 31085 31220
244700688 31250 31210 31250 31210 31250 31130 31120 31270 31100 31250 31210 31250 31270 31100 31250 31150 31100 31270 31250 31210
245569000 31130 31140 31130 31140 31130
244700203 31220 31270 31150 31220 31270 31150 31215 31220 31270 31215
256020000 38000 31270 44860
235089435 33570 33770 33570 33770 33570 33770 33570 33770 33570 33770 33570 33770
310362000 34690 34480 34690 34480 34690 34480 34690 34480
311018500 36460 35580 37900 37990 38430 38550 39960 39810 39590 38630
228022900 35600 35840 35600 35840 35600 35840 37470 35600 35840 35600 35840
235010500 35740 35710 35740 35710 35740
228006800 35750 35710 35750 35710 35750
235082716 35750 35710 35750 35710 35750 35710 35750 35710 35750 35710 35750 35710 35750
227005270 36850 36860 36850 36855 36850 36860 36850 36860 36850 36855 36850 36855 36850 36855 36850 36860 36850 36860 36855 36850
246167000 37990 38220 38330 38370 39590 38550 38630 39025 39810 39960 40270 41720 41610 40760 42980
308445000 43420 44350 44240 43650 38990 38170 46640 45820 45825 46770
311622000 44807 42905 42210 44770 39960 39810 39590 38870 38550 38630 38810 39025 39590 39960 39810 39590 39025 38870 38550 38480 38430 38330 37990
224882000 38630 38480 38630 38480 38630 38480 38630 38480 38630 38480 38630
311321000 40760 38550 39590 39810 42980 44770 42210 40040 38550 39000 39590 39810 40040 40760 41610 38550 38370
247094800 39440 38610 38630 38810 39440 38550 38810 39440 38550 38630 38810 39440 39810 38550 38810 39440 39810 38550 38810 39440 39810 38550 38810 39440 39810 38550
311536000 39960 39810 40270 42980 44807 44770 42905 42210 41320 40760 39960 39810 39590 39470 39960 40270 38630
247047300 40000 39960 40000 39960 40000 39960 40000 39960 40000 39960 39940 39960 39940 39960 39940 39960 39940 39960 39940 39960 39940 39960 40000 39960 39940 40000 39960
271040024 43388 44650 43388 44650 43388 44650 43388 44650
242127100 45753 38310
663036000 45835 45820 45835 45820 45835 45820 45835 45820 45835 45820 45835 45820 45835 45820 45835 45820 45835 45820
563485000 49850 50010 57840 57935 61380 61390 61460 61480 57955 57920 57840 50010 49930 49850 61390 50010 57840
636012796 50017 57461 49982 50017 49930 50970 50010 57461 49995 50010 49930 50970 50017 57461
566946000 49995 50017 50000 49995 50000 50015 50000 49995 50000 50017 50000 50017 50000 50017
566417000 50000 50017 50000 50017 50000 50017 49995 50000 50010 50017 50000 50017 50000 49995
311992000 49995 57437 50000
525005054 51130 50970 51130 50970 51130 50970
525005001 50970 51130 50970 53020 51130 53133
525002126 51840 51130 51840 51130 51840 51130 51840 51130 51840 51130 51840 51130 51840
525005017 52720 52320 51840 52320 52720
229136000 53650 57320 53650 57320 53650 54030
309913000 55530 55670
352566000 57437 57458 59995 60000 61564
566235000 57840 57650 57462 57450 57462 57840 57777 61390 61380 61480 60140 57840 57777 57650
477136600 57462 57575 59960 59970 57462 57450 57462 57840 57920 57890 61380
412522280 57770 57760
412362530 57821 59990 57777 57822 57821 59991
311000165 57840 57890 57840 57920 57955 57840 57920 57777 57840 57816 57840 57955 57890 57840
413191000 59976 60200 57822 60193
477936500 62160 59970 61480 57890 57825 62115
371795000 61380 61480 61560 17700 57920 57870 57840 57857 61480 61380
416487000 57920 58370 57920 57955 57920 57955 57890 59970 60250 60190 60130 57920 57955 57890 59970 60250 60190
413435930 59960 59930 59995 59960 59930 59960 59930 59950 59976 59995
413826531 59987 59991 60010 60030 59970 60000 59991
413794737 60060 59976 60000 60010
412570920 59995 59988 60193 60030
413553660 60150 60230 59990 60215 60000 60150 60250 60000
477110900 59991 60325 60390 60325 59991 60390 60325 59991 60390 60325 59991 60390
412786000 60130 60320 60130 60320 60130 60320 60130 60320 60130 60320 60130 60320 60130 60320 60130 60320 60130
413328380 60250 60150 60250 60150 60250 60150 60250
412330020 60250 60160 60250 60160 60250 60160 60250 60160 60250 60160 60250 60160 60250 60160 60250 60160 60250 60160 60250 60160 60250 60160 60250
355319000 60320 60250 60320 60250 60320 60250 60320 60250 60320 60250 60320 60250 60320 60250 60320 60250 60320 60250 60320 60250 60320 60250 60320 60250 60320 60250 60320 60250
432545000 61390 61560 61350 62220 61560 57890 61560 61390 61560 61460 61595 62255 60390 61910 61280 61460 61545
431602036 62430 60390 62430 60390 62430 60390 62430
431281000 61560 61700 61560 61160 62070 61390 61750 61700 61390 57580
431000629 62280 61560 61356 62280 62145 61385 61490 61356 62170
431301684 61560 62224 61560 62224 61560 62224 61560 62224 61560 62224 61560 62224 61560 62224 61560 62224 61560 62224 61560 62224 61560 62224 61560 62224 61560 62224 61560 62224 61560 62224 61560 62224
311062900 31080 31660 31080 31660 31080 31660 31080 31660 31080 31660 31080 31660 31080 31660 31080 31660 31080 31660 31080 31660 31080 31660 31080 31660 31080 31660 31080 31660 31080
244513000 31668 31085 31668 31085 31668 31085 31668 31085 31668 31085 31668 31085 31668 31085 31668 31085 31668 31085 31668 31085 31668 31085 31668 31085 31668 31085 31668 31085 31668
220449000 31760 31040 31760 31040 31760 31040 31760 31040 31760 31040 31760 31040 31760 31040 31760 31040 31760
235082716 35750 35710 35750 35710 35750 35710 35750 35710 35750 35710 35750 35710 35750 35710
311622000 37990 38130 45880 38160 38170 46040 45880 45820 46850 46040 46090 46110 46640 46770 46870 46640 46850 46830
311000343 38160 38170 38130 37990 31420 31060 38100 11640 11430 11370 11400 11630 38130 11640 37990
247094800 38550 38810 39440 39810 38550 38810 39440 39810 38550 38810 39440 39810 38550 38810 39440 38550 38630 38810 39440 38810
311018500 38630 38550 39810 39590 38960 38630 38550 39810 39590 38960 38630 38550 39810 39590 38960 38550 39960 39810 39590 38630 38550
247047300 39960 40000 39960 40000 39960 40000 39960 40000 39960 40000 39940 39960 39940 39960 39940 40000 39960 39940 39960 39940 40000 39960 39940 39960 39940 40000 39960 39940 40000 39940 39960 39940 40000 39960 39940 39960 39940
247178800 39960 40100 39960 40270 39960 40270 39960 40270 39960 40270 39960 40270 39960 40270 39960 40270 39960 40270 39960 40270 39960 40270 39960 40270 39960 40270 39960 40270 39960 40270
247441000 39960 40130 39960 40130 39960 40130 39960 40130 39960 40130 39960 40130 39960 40130 39960 40130 39960 40130 39960 40130 39960 40130 39960 40130 39960 40130 39960 40130 39960 40130
566417000 49995 50017 49995 50000 49995 50000 50010 50000 50010
566235000 57650 57462 57450 57462 57840 57777 57857 61380 61390 61480 60140 57840 57650 57462
413826531 59991 60010 60030 60010 59991 59976 59970 59976 59990 60000 60010
477110900 60390 60325 59991 60390 60325 59991 60390 60325 59991 60390 60325 60390
244010949 0 31040 31010 31060 31010
244650884 0 31210 0 31210 0 31210 0 31040 31210 0 31210
244370000 55770 55840 15310 0 55060 16010 11840 15310 14950
367400420 7560 7570 7560 7570 7560 7570 7560 7570 7560
311000274 7790 8595 9550
111111111 43650 38870 15480 15500 60150 60130 59960 60240 59930 60000 8280 8230 59974 60200 57817 59930 8230 15500 38870 59930
311321000 38370 38330 38130 8670 9550 11840 8670 8660 11780 11840 11810 8670
371083000 11400 11370 11630 11400 11370 11630 11400 11370 11630 11400 11370 11400
249047000 11630 11430 11370 11630 11400 11430 11630 11430 11370 11550 11520 11400 11630
229695000 11710 11720
352725000 11908 11905 11908 57935 57920 57857 57840 57777 57840 11908 11905 11908 11905 11908
311038900 12650 12690 12730 12920 13120 13760 13120
246506000 16010 15810 15790 16010 56090
311827000 15810 15790 16080
367001740 16060 16050 16060 16050 16060 16050
354277000 16070 56180 16070 15990
371795000 17700 18150 17700 61380 61480 61560 57920 57870 57840 57857 61480
664288000 31375 30780 23950 31375 35590 31050
309826000 28820 24260 28820 24260 28820 24260 28820 24260 28820 24260
275430000 25380 28610 25380 28610 25380 28610 25380 28610 25380 28610 25380 28610 25380 28610 25380 28610 25380 28610 25380 28610 25380 28610 25380 28610 25380 28610 25380 28610 25380 28610 25380
230637000 27805 25440
636092421 28720 28680 31210
205465000 31150 31040 28823 35630
245910000 30910 30985 31420 31430 31470
244740200 30990 30950 30990 30985 30990 30950 30990 30950 30990 30950
244730318 30990 30985 30990 30985 30990 30985
244750417 31010 31040 31010 31060 0
244690898 31040 31250 31040 31060 31040
244740487 31150 31140 31040 31140 31130 31140 31130 31140 31040 31150 31040 31130 31150
244690994 31150 31130 31150 31250 31210 31080 31085 31100 31080 31085 31100 31250 31220 31210 31250 31270 31130 31100 31130 31120
305697000 31130 31085 34690 33770 34480 31560 31130 31085 31130 34480 31560 31130 31085 34350 34480 31085 31130
245569000 31130 31085 31130 31085 31130
211226860 31085 31560 32010 31560 31085 31720 32010 31085 31560 31720 32010 31085 31560 31720 32010 31720 31085 31560
244700688 31210 31270 31250 31100 31270 31210 31270 31100 31210 31270 31250 31210 31250 31270 31210
244700203 31215 31150 31140 31215 31270 31215 31270 31140 31220 31150 31050
244762000 31220 31215 31210 31220 31210 31215 31220 31270 31210 31215
235089435 33770 33570 33770 33570 33770 33570 33770 33570 33770 33570 33770
310362000 34480 34690 34480 34690 34480 34690 34480 34690 34480 34690 34480 34690 34480 34690 34480 34690
228022900 37470 35600 35840 35600 35840 35600 35840 35600 35840 35600 35840
235010500 35740 35710 35740 35710
228006800 35750 35710 35750 35710 35750 35710 35750
227005270 36850 36860 36855 36850 36855 36850 36855 36850 36855 36850 36855 36850
246167000 42980 44807 42905 42210 44770 31140 45080 45100 44960 44807 43130 40100 39810 38430 38370 38330 38290 37990 37950
311536000 38630 38550 38870 39025 38550 38480 38440 38330 37990 38130 38370 39470 39960 38810 38550
308228000 38170 46000 46210
242127100 38310 45753 38310 45753 38310 45753 38310 45753 38310 45753
224882000 38630 38480 38630 38480 38630 38480 38630 38480 38630 38480 38630 38480
271040024 44650 43388 44650 43388 44650 43388 44650 43388
256020000 44860 45030 43670
663036000 45820 45835 45820 45835 45820 45835 45820 45835 45820 45835 45820 45835 45820 45835 45820
308445000 46640 46820 46770 46830 46820 47720 46830 46850 46855 46870 47470 40270 47720 45793
563485000 57840 57935 61380 61390 61460 61480 61490 57935 57955 57920 57840 50010 49930 49850 50010 57840
636012796 57461 49995 50017 49930 50970 50017 57461 49982 50010 49930 50970 57461 50017 50970
566946000 50017 49995 50010 50017 49995 50017 50000 49995 50000
311992000 50000 50017
311000165 57840 57816 57840 57777 57840 57955 57890 57840 57816 57650 57572 50000 50970 53650 54520 54030
431281000 57580 50000 51040 51260 57840 61560 61570
249904000 54030 54520 50017 60320 61555 61480 61385 61356
525005054 50970 51130 53020 53133 50970 51130 53020 53133 50970
525005001 53133 50970 52720
525002126 51840 51130 51840 51130 51840 51130 51840 51130 51840 51130 51840 51130
525005017 52320 51780 52320 51840
229136000 54030 57320 53650 57320 53650 57320 57230 53650
309913000 55840 55060 55670 56450 57120
352566000 61564 57437 62118
477136600 61380 61550 61560 57890 57955 57920 57840 57462 57840 57920 57890 61380
412522280 57760 57750 57760 57750 57760 57750 57760 57750 57760 57750 57760 57750 57760 57750 57760 57750 57760 57750 57760 57750 57760 57750 57760 57750
413191000 60193 57768 60133
412362530 59991 59990 57830 57821 59991
432545000 61545 62430 61750 62430 61480 62150 61460 61390 61490 61390 57890 13980
416487000 60190 60140 60130 57920 57955 57890 60250 60190 60140 60130 57920 57955 57890 60250 60190 60140
413435930 59995 59960 59976 59960 59930 59950 59960 59930 59960 59930 59960
413553910 59976 59990 59974 59950 59960 59950 59960 59976 59990 59974 59950 59960 59950 59976 59974 59960 59950 59960 59950 59960 59976 59990 59950 59960 59976 59950 59963 59960 59976
413553660 60000 60250 59970 60250 59963
477936500 62115 59970 61550
413794737 60000 60060 59976
412570920 60030 60133 60000 60150
412786000 60130 60320 60130 60320 60130 60320 60130 60320 60130 60320 60130 60320 60130 60320 60130 60320 60130 60320
413328380 60250 60150 60250 60150 60250
412330020 60250 60160 60250 60160 60250 60160 60250 60160 60250 60160 60250
355319000 60250 60320 60250 60320 60250 60320 60250 60320 60250 60320 60250 60320 60250 60320 60250 60320 60250 60320 60250 60320 60250 60320 60250 60320 60250 60320
431602036 60390 62430 60390 62430 60390 62430 60390 62430 60390 62430
431000629 61490 61965 62170 61840 61965 62170 61970 61560
431301684 62224 61560 62224 61560 62224 61560 62224 61560 62224 61560 62224 61560 62224 61560 62224 61560 62224 61560 62224 61560 62224 61560 62224 61560 62224 61560 62224 61560 62224
431005219 61890 61870 61890 61870 61890 61870 61890 61870 61890 61870 61890 61870 61890 61870 61890 61870 61890 61870 61890 61870 61890 61870 61890 61870 61890 61870
