311321000 8670 8660 8670 11780 11810 11840 8670 8660 11370 8670 9550 8670 9550
311038900 13120 13980 14100 14500 13120 13980 13760
309826000 24260 28820 24260 28820 24260 28820 28823
244740200 30950 30990 30985 30990 30950 30990 30950 30985 30990 30985 30990
244700203 31050 31060 31150 31050 31010 31150 31220 31215 31150
311062900 31080 31660 31080 31660 31080 31660 31080 31660 31080 31660 31080 31660 31080 31660 31080 31470 31660 31080 31660 31080 31660 31080 31660 31080 31660 31080 31660 31080 31660 31080 31660
305697000 31130 33770 31085 31130 31085 34690 33770 34480 31130 31085 31130 34350 31085 31130 34350 34480
244513000 31668 31085 31668 31085 31668 31085 31668 31085 31668 31085 31668 31085 31668 31085 31668 31085 31668 31085 31668 31085 31668 31085
224882000 38480 38630 38480 38630 38480 38630 38480 38630 38480 38630 38480 38610 38480 38630 38480
247441000 40130 39960 40130 39960 40130 39960 40130 39960 40130 39960 40130 39960 40130 39960 40130 39960 40130 39960 40130 39960 40130 39960 40130 39960 40130 39960 40130 39960 40130 39960 40130 39960
247178800 40270 39960 40270 39960 40270 39960 40270 39960 40270 39960 40270 39960 40270 39960 40270 39960 40270 39960 40270 39960 40270 39960 40270 39960 40270 39960 40270 39960 40270 39960
249904000 61356 16070 15765 9865 8530 8300
244750417 0 31010
244650884 31210 0 31210 0 31270 0 31150 31210 31215 31270 31100 31150
367400420 7560 7570 7560 7570 7560 7570 7560 7570 7560
311000274 9550 8595 7790 8595 7790 8595 7790 8595 11370
111111111 11930 8630 60150 60165 57816 60150 60000 59930 60130 60150 57819 60000 57870 59930 60150 57760 60150 59960 60000 59930 60010 38870 57819 8280 57840 60010 60000 60200 59940 59960 60240 59974 60150 9490 60120 60150 8630 59960 59930 15500 60150 60000 59930 59485 57817 59960 59930 59960 59930 8630 15500 8630 60150 45295 60150 59910
311536000 38550 38630 38430 38330 38290 37990 11810 38160 8660 8640 11810 11940 11908 56280
371083000 11630 11400 11370 11400 11370 11630 11400 11370 11400 11370 11400
249047000 11430 11370 11520 11400 11430 11630 11370 11430 11370 11630 11370 11400 11520 11630 11430 11370
229695000 11720 11700 11720
352725000 11908 11905 11908 57840 60140 11908 11905 60140 59960 11905 11908 59960 57935 57857 57777 51587 11908 11905 11908 11910 11908
311622000 46830 46820 46770 46640 12920 46770 46640 11630 12920 12730 8640
244370000 14950 15770 16010 8630
246506000 56090 56280 56300 16010 11430
367001740 16050 16060 16050
354277000 56180 56280 16070 56280
311827000 16080 19130
371795000 17700 18150 61380 57920 61480 61560 17700
275430000 25380 28610 25380 28610 25380 28610 25380 28610 25380 28610 25380 28610 25380 28610 25380 28610 25380 28610 25380 28610 25380 28610 25380 28610 25380 28610 25380 28610 25380 28610 25380 28610
230637000 25440 27805 25440 27805 25440 27805 25440
205465000 31668 31250 28710 31630 31040 28823 28828 31930
244730318 30990 30985 30990 30985 30990 30985 30990 30985 30990
244010949 31010 31060 31040 31010 31040
245910000 31470 31420 31430 31420 31370 31390 31375 31370 31085 31080 31130 31010 31060
244690898 31040 31060 31040 31250 31040
244740487 31150 31040 31150 31140 31150 31040 31150 31080 31150 31040 31150
220449000 31040 31760 31040 31760 31040 31760 31040 31760 31040 31760 31040 31760 31040 31760 31040 31760 31040 31760 31040 31760 31040 31760 31040 31760 31040
664288000 31375 31050 35840 31375
311000343 38130 38330 37990 31420 31060 31250 31420 31060 31250 31420 31250 31420 31250 37990 38330 38160 38170 37990
244690994 31120 31130 31120 31270 31130 31080 31085 31100 31130 31120 31130 31120 31215 31250 31080 31250 31130 31120 31250 31100 31120 31250 31270
245569000 31130 31085 31130 31085 31130 31150 31130 31140 31130
211226860 31560 31720 32010 31085 31560 31720 32010 31560 31720 31550 31085
244700688 31210 31250 31210 31250 31210 31270 31210 31250 31270 31250 31100 31250 31270 31250
246167000 31140 37950 37990 38130 38170 38160 31140 45793 38290 37770 38130 38160 38170 38190 45793
244762000 31215 31250 31220 31210 31215 31220 31215 31220 31215
636092421 31210 38170
235089435 33770 33570 33770 33570 33770 33570 33770 33570 33770 33570 33770 33570 33770 33570 33770
310362000 34690 34480 34690 34480 34690 34480 34690 34480
228022900 35840 35600 35840 35600 35840
235082716 35710 35750 35710 35750 35710 35750 35710 35750 35710 35750 35710 31210
235010500 35710 35740 35710 35740
228006800 35750 35710 35750 35710 35750 35710
227005270 36850 36860 36850 36860 36850 36860 36850 36860 36850 36860 36850 36860 36850
311018500 45755 38170 38160 38130 38170 38370 38550 39210 40130 39810 39590 38550 45755 38170 38160 38370 38550 39810 38630
308445000 40270 38990 38160 45793 38150 38160 45910 38150 12690 45910 12650
242127100 45753 38310 45753 38310 45753 38310 45753 38310 45753 38310 45753 38310
247094800 38810 39440 39810 40100 43130 44805 48264 48279 48275 48262
247047300 39940 40000 39960 39940 39960 39940 40000 39940 39960 39940 40000 39940 39960 39940 40000 39940 39960 39940 40000 39940 39960 39940 40000 39960 39940 39960 39940 40000 39960 39940 39960 39940 40000 39960 39940 39960
271040024 43388 44650 43388 44650 43388 44650 43388
256020000 43670 43645 38550
663036000 45820 45835 45820 45835 45820 45835 45820 45835 45820 45835 45820 45835 45820 45835 45820 45835 45820
308228000 46210 38170
563485000 57840 57955 57935 61380 61390 61460 61480 61490 57935 57920 57840 50010 49930 49850 50000 57840 57955
636012796 57461 49995 50010 49930 50970 50017 57461 49995 50017 50970 50010 50017 57461 49995
566417000 50010 50017 50000 49995 50010 50017 49995 50000 50010 50017 49995 50000 49995 50010
566946000 50000 50017 50000 50017 49995 50000 50017 50000 50015 50000 49995 50000 50017 50000
311000165 54030 54880 53490 53650 54670 53490 53340 50000 57462 57650
311992000 50017 57437 50017
525005054 50970 51130 52720 53020 50970 53133 52720 50970
525005001 53020 50970 51130 50970
525002126 51130 51840 51130 51840 51130 51840 51130 51840 51130 51840 51130 51840
525005017 51840 51400 51840 52720
229136000 53650 57320 53650 57320 53650
432545000 61390 61480 61390 55060 14500
309913000 57120 55130 55060 55210 55130 55370
566235000 57462 57450 57462 57840 57777 61380 61390 60140 57840 57777 57650 57462 57450 57462
477136600 61380 61390 61480 61550 61560 57890 57920 57840 57462 57450 57462 57840 57920 57890 61380 61390
412522280 57750 57760 57750 57760 57750 57760 57750 57760 57750 57760 57750 57760 57750 57760 57750 57760
412570920 60150 57768 57820 59960 60190
413191000 60133 60130 57821 59985 59990 59860 60190
412362530 59991 59990 57822 59986 57777
416487000 60140 60130 57920 57890 60250 60190 60140 60130 57920 57890 59970 60250 60190 60140 60130
413435930 59960 59930 59960 59930 59960 59930 59960 59930 59960
413553910 59976 59960 59976 59990 59960 59976 59960 59950 59976 59960 59976 59974 59990 59960 59976 59950 59960 59976 59950 59960 59976
413553660 59963 59991 60215 59976
413794737 59976 59970 59976 60000 59970
413826531 60010 60000 59970 59976 59970 59976
352566000 62118 61595 61550 59970 60250 59960
477936500 61550 61372 59970 62065 61480
477110900 60390 60325 59991 60390 60325 60390 60325 59991 60390 60325 59991 60390 60325 59991
412786000 60320 60130 60320 60130 60320 60130 60320 60130 60320 60130 60320 60130 60320
413328380 60250 60150 60250 60150 60250
412330020 60250 60160 60250 60160 60250 60160 60250
355319000 60320 60250 60320 60250 60320 60250 60320 60250 60320 60250 60320 60250 60320 60250
431602036 62430 60390 62430 60390 62430 60390 62430
431281000 61570 61560 61550 61480 61380 61390 61460 61390 62220
431000629 61560 61965 61470 61970 62079 62400
431301684 62224 61560 62224 61560 62224 61560 62224 61560 62224 61560 62224 61560 62224 61560 62224 61560 62224 61560 62224 61560 62224 61560 62224 61560 62224 61560 62224 61560 62224 61560 62224 61560
431005219 61870 61890 61870 61890 61870 61890 61870 61890 61870
