235075024 31280 35580 6340 7790 8550 8500 30900
413780843 57825 57822 57777 57840 57822 57777 57840 57822 57840 57822 57840 57822 57840 57822 57840 57822 57840 57822 57840 57825 57822 57840
244740579 0 31140 31085 0 31040 31050
244660546 31150 0 31085 31040
244700312 31220 31130 31220 31250 31130 31250 31085 31140 31250 0 31150 31250 31150 0 31150 31250 0 31150 31250
246231000 31630 0 31668 31150 31550 0 31150 31668 0 31630 0
244650889 0 31210 31270 31040 0 31210 31270 0 31210 0 31270 0 31270 0
413823732 0 59991
413825612 60060 0 60120 60000
413825495 59976 60000 0 60120 60000
413825412 0 60120
316278000 1670 6340 1670 6340 1670 6340 1670 6340 1670 6340 1670 6340 1670 6340 1670 6340
244750716 23520 23670 2235 3050
371228000 7810 8280 8500 8530 9985 38005 48130
538006043 9865 10772 8530 8500 7850 8280 10772
636091655 11908 11930 11908 9805 9620 9650 10772 11035 11908 11930 11908
636092158 14950 14500 14950 9865 11908 11035 31130
309372000 12960 12970 31370
636091744 61390 15990 15770 15765 15990 61390
245926000 30990 37290 37600 31506 35732 33770 33780 32290 23490 30810
305287000 24020 30910 30900 24120 28715 28680 28715 30900 24020 30910 30900 28715 28680 28715 30900 24020 30910
230608000 28480 28615 27920 28220 31130 31250 28210 28890
255805555 28370 28230 30780 31085 31130 31085 30780 28410 28370 28230 28190 30780 31085 31130 30780 28410 28370
209304000 31050 33770 34648 37980 28955 30230
244660830 31060 31100 30990 31060 31100 30990 31100 30990 31100 30990 31140 31100 30990 31140 31100 30990 31140
246507000 31220 31010 27750
205370390 31270 31150 31060 31120 31085 31270 31290 31280 31250 31215 31010
244700987 31140 31150 31080 31140 31150
244620935 31085 31130 31085 31130 31085 31270 31150 31130 31085 31130 31085
271040948 44540 37950 31100 31375 31100 31668 31100 31375 31100 31375 31100 31375 31100 31668 31100 31668 31100
244690604 31150 31130 31150 31130 31210 31130 31150 31130 31270 31150 31270 31150 31270 31150 31215
305262000 35040 31140 38310 38220 43420
244865000 37740 34648 34690 34630 33770 37740 37560 38170
314012000 39420 38540 9865 38330 15250
538090476 38330 48617 49995
356505000 45570 38480 45640 38480 45640
273377000 43420 44080 44605 44080
677028200 44162 43510 44162 43510 44162 43510 44162 43510 44162
371175000 44603 44080 44622 44070
228027900 46000 46280 46000 38870
538090454 46850 46855 46850 46770 46640 46820
566822000 50010 50970 60390 60320 60250 60190 60390
525016550 51130 53010 52320 51130
564784000 53450 54672 53450 54672 53450
567000800 57485 57450 57462 59960 59970 59960
312209000 57572 61595 59991 60130
413699890 59960 59970 57860 57760 59970 57777 57760 57874
413270660 59860 57825 57770 57830 57770
413468180 57821 57840 57821 57777 57821
413973881 57777 57822 57777 57822 57777
413990881 57777 57822 57777
413900062 57821 57840 57777 57825 57821 57840 57821 57825
413900746 57840 57777 57840 57777
416436000 57920 57870 57821 57822 57920 57821 57822 57840 57777 57955 57920 57777 57920 57955 57822
412470870 57777 60200 57821 60190
413323610 57818 57820 60230
413773772 57821 57822 57825 57822 57825 57822 57821 57822 57825 57822
413445430 57822 57876 57822 57876 57822
413523880 60133 57822 59930 59950
636016126 57840 15370 59960 57870 12970 57840 57857 60390 15765
412428490 59860 59950 59991 59960 59985 59950 59991 59960 59950
412425740 59910 59950 60250
412357920 59930 60030 59910 59960
413353910 59970 60030 59930 57777
412750120 59976 59970 59976 59960 59970 59960 59940 59960 59974 59940 59960 59976 59974 59940 59960 59976
312157000 59950 59987 59976 60385 62110 59950 62110
413750000 60200 59950 59990 60190 59950 60190
413562000 60190 59960 59986 59960
412764290 59960 60190 59976 60190 59976
413987844 59986 59995 59974 59970 59985 59986 59970 59974 59990 59991 59970 59991
413776254 59995 59987 59970 59976 59991 59995 60000 60010 59976
413791379 59970 60060 59970 60060 59970 59976 59991 60060
413965689 60060 59970 59985 60125
413850239 60000 60010 59976 59970 59991 60000 60010 59988 60010 59976 60000 59991 59990 59988 59970
413771413 60060 59985 59970 60060
412302790 60193 59985 60193 59970 60180
413789825 59987 60030 59987 60030 59991 59974 59987 59991
413623000 59974 60215 59974 60193 59974
413812932 59991 59976 59970
413851505 59976 59988 59976 59988 59976 60130 59976
413772361 60000 59976 60000
413800777 59987 59990 60000 60010 60000 60030
413448530 60170 60190 60220 60140 59988 59987
413993639 60030 59990 59987
413827602 59991 59990 60000 60120
413416860 60130 60140 59991 60140 59991 60140 59991 60140 59991
413823608 60010 60030 59987
413803972 60120 59970
413770967 60125 59991
232240000 61475 60320 60380 60330
441717000 60390 61560 60390 61640 61560 60390 61480 60390 61560 60390 61640 61560
212367000 61822 61750 60390 61855 61822 61750 60390 61855 61822 61750 60390 61822 60390 61822
431005756 61280 61165 61170 61372 61547 61380 61375 61372 61568 61480 61356 61357 61480
431003935 61350 61480 61385 61165 61385 61495 61385 61495 61385 61495
431000581 61350 61375 61415 61940 61480 61547 61940 61480 61470
431000234 61379 61372 61480 61547 61480 61372 61547 61545 61547 61545 61547 61700
431000859 61375 61650 61375 61650 61375 61650 61375 61650 61375 61650 61470 61375 61650 61375 61650
431005953 61379 61380 61385 61380 61385 62145 61380 61385 62145
353331000 61800 62430 61935 61480 61460 61630
431602131 61640 61690 61595 61650 61680 61640 62110 62160 61595
316278000 6340 1670 6340 1670 6340 1670 6340 1670 6340 1670 6340 1670
230608000 28890 24570 28480 28550 28480 31130
235075024 30900 7810 31280 35580 6340 30900 7810 7790 8550 8500 6340
244740579 31050 31085 31150 31085
271040948 31100 31375 31100 31375 31100 31375 31100 31668 31375 31668 31100 31375 31100 31375 31100 31375 31668 31100 31375 31100 31668 31100 31375 31100 31375 31100
371175000 44070 44670 44060 45030 44070
412428490 59950 59985 60133 57876 59960 59987 59960 59950 60000 59960
413562000 59960 59990 59950 59991 59950 59960 59986 59960 59995 59960
413987844 59991 59970 59988 59976 59986 59987 59970 60000 59988 59995 59991 59970 59976 59987 59988
413965689 60125 59976
431003935 61495 61375 61460 61415 61460 61350 61480 61595 61280 61165 61375
246231000 0 31630 0 31670 0 31010
244700312 31250 0 31150 0 31150 31250 31270 31150 0 31150 31250 0 31150 31250 0
244650889 0 31210 0 31150 31270 0 31270 0 31150 31270 31210 31150 0
413827602 60120 0 59987
413823732 59991 59990 60000 60060 0 60060 59970
413803972 59970 0 60110
413825612 60000 0 60120 60000
244750716 3050 4790 5210 2235 45793
636091655 11908 12120 11908 9380 9510 11908
636092158 31130 30780 31420 31250 11908 11035 14500 11908 9865 14950
538006043 10772 9865 15410 60390 57870 57777
228027900 11550 37000
636016126 15765 15770 15410 14415 15370 14500 60390
314012000 15250 14950
305287000 30910 30900 24120 28715 28680 30900 24020 30910 30900 28715 28680 28715 30900 24020 30910 30780 30900
246507000 27750 27670 25570 45762 45440
255805555 28370 28230 28190 30780 31130 31085 30780 28390 28370 28230 30780 31085 31130 28370 28230 28190 30780
245926000 30810 30900 31650 31040 29700 31140 35840 31250 35850 35950
209304000 30230 31085 31270 37290 36960 31660 30780 37980
538090454 37900 30780 30640 31250 30850 37950 46640
244660830 31140 31100 30990 31140 31470 30990 31140 31100 30990 31040 31140 31100 30990 31010 31140 31100 30990 31140 31100 30990 31060 31150
244660546 31040 31150 0 30990 31150
205370390 31010 31040 31140 31215 31270 31215 31250 31270 31220 31010 31050 31150 31250
244620935 31085 31150 31085 31130 31085 31150 31130 31085 31130 31085
244700987 31150 31140 31130 31150 31100 31140
244690604 31215 31250 31150 31270 31150 31130 31150
309372000 31370 31210 31270 12970
244865000 38170 38160 38170 38550 38770 41320 40230
356505000 38480 45640 38480 45640
232240000 60330 60325 35060 42210 17700
305262000 43420 44340 43680 45753
273377000 44080 43500 44070
677028200 44162 43510 44162 43510
371228000 48130 45080 48276 38480 45080 7810
538090476 49995 59987
566822000 60390 50010 50970 60390 60320 60250 60190
525016550 52320 51130 50730
564784000 54672 53450 54672 53450
567000800 57450 57462 57777 57485 57450 57462 59960
413699890 57874 59970 57860 57760 57874 59970 57777 57760 59960
413270660 57770 57822 57825 57770 57822 57770
413468180 57821 57777 57821 57777 57821 57777 57821 57777 57821 57840 57821
413990881 57777 57821 57777 57822
413973881 57822 57777 57822 57777 57822 57777 57822 57777 57830 57777 57822
416436000 57822 57777 57920 57870 57822 57920 57870 57822 57920 57777 57822 57920
413900746 57777 57840 57777 57825 57777
413353910 57777 59860 59991 60030 57777
413523880 59950 57777 59930 60133
413773772 57822 57825 57822 57825 57822 57825 57822
413780843 57840 57822 57840 57825 57822 57840 57822 57840 57822 57840 57822 57840 57822 57840 57822 57840 57825 57822
413900062 57825 57822 57840 57822 57840 57821
413445430 57822 59960 57862 59960 59930 57822 59930
412764290 59976 60170 57825 60230
412470870 60190 57860 60193 57821
412425740 60250 60233 59910 60233 60250 60233 60250 60233 60250 60233 60250
412750120 59976 59974 59940 59960 59974 59940 59970 59974 59940 59970 59976 59974 59940 59976
412357920 59960 60000 59990 59950 59960 60000 59930
413750000 60190 59950 59960 59986 59960
312157000 62110 59950 62110 59950
636091744 61390 60390 60140 59960 60390 61390 15990
413850239 59970 59974 60000 60010 59988 59976 59990 60010 59991 59985 59991 59987 59990
413776254 59976 59970 59976 59970 59976 59991
413812932 59970 60000 60060 59970
413825495 60000 59986 60000 59970 60000
413791379 60060 59970 60010 60060 59970 60060
412302790 60180 59970 60180 59970 60180 60190 59970
413789825 59991 59974 59990 59987 59990
413993639 59987 59990 60030 59974 59990
413623000 59974 60200 59974 60193 59974 60215
413851505 59976 59988 59976 59985 59988 59976 59988 59976 59988 60130
413770967 59991 59976 60125
413823608 59987 60010 59991
413772361 60000 60060 59990 60000
413416860 59991 60140 59991 60140 59991 60140 59991 60140 59991
413323610 60230 60220 59995 60133 60180 60190 57818
413448530 60000 60180 60140 60193 60140 60193
413800777 60030 60010
413771413 60060 59970
413825412 60120 60110 60120 0
312209000 60130 61375 61372 60610 62085
441717000 61560 60390 61640 61560 60390 61560 60390 61560 60390
212367000 61822 61750 60390 61750 60390 61822 61750 60390 61822 61750
353331000 61630 61170 57461
431000234 61700 62160 61695 62160 61550 61547 61550 61560 61379 61357 61545 61379
431005953 62145 61390 61385 61390 61380 61357 61550
431005756 61480 61555 61547 61380 61378 61372 61555 61547 61550 61605 61590 61547 61675 61372 61480 61470 62430
431000859 61650 61470 61375 61650 61375 61650 61375 61650 61375 61650 61375 61650 61375 61650 61375 61650
431000581 61470 61595 61480 61385 61480 61385 61470 62430 61385
431602131 61595 62170 61640 62110 61640 62010 61680 62170 61590
271040948 31100 31668 31100 31668 31100 31668 31100 31668 31100 31375 31668 31100 31375 31668 31100 31375 31100 31668 31100 31668 31100 31668 31100 31668 31100 31375 31100
413750000 59960 60190 59950 59960 59986 60200 59960
412750120 59976 59974 59940 59970 59974 59940 59960 59976 59974 59940 59970 59960 59976 59940
413987844 59988 60000 59986 59970 59976 59985 59976 59987 59991 59987 59976 60000 59988 59974 59991 59970 59974
413776254 59991 60010 60030 59976 60010
413825495 60000 59970 60000 60120 0
244660546 0 31150 31040 31060
246231000 31010 31050 0 31150 0 31150 31630
244650889 0 31210 31270 0 31210 31270 0 31210 31270 0 31210 0
244700312 0 31250 31085 31150 31130 0 31150 31085 31130 0 31250 31270 31085 31150
413825412 0 60110 0
413825612 60000 0 60120
316278000 1670 6340 1670 6340 1670 6340 1670 6340
235075024 30900 31280 6340 7790 7810 8550 8500 30900
371228000 38480 8500 7810 8280 38005 8500 8530 9985 7810
636091655 11908 12120 12150 11908 9510 9380 11908 9510 12120
636092158 14500 14950 9865 11908 11035 31130 30780 31420
232240000 35060 31280 31270 30900 31280 35580 39440 9865 16120
309372000 12970 31210
636016126 14415 15410 15770 12980
636091744 15990 15770 15765 15370 15275 15770 15370
538090476 59987 59985 18570 18210 61350 18570 18525
305287000 30900 28715 28680 28715 30900 24020 30910 30780 30900 28715 28680 28715 30900 24020 30910 30780 30900 24120 28715
245926000 35950 36130 31650 31040 24960 25190 28640 30850 30840 31750
246507000 28640 28370 27560 28860 31050
230608000 31130 31250 28505 28615 28510 28220 31130
255805555 30780 31130 31085 30780 28410 28370 30780 31085 31130 31085 30780 28390 28370 28230 30780 31130
244660830 31150 31140 31100 30990 31060 31100 30990 31140 31100 30990 31140 31100 30990 31010 31140 31100
244620935 31085 31130 31085 31100 31085 31130 31085 31040 31085 31150 31085
244690604 31150 31130 31120 31130 31215 31150 31215 31040 31130 31140 31270 31140 31130
244740579 31085 31050 31100
305262000 45753 31140 31130 31100 43572
244700987 31140 31150 31140
205370390 31250 31150 31270 31130
209304000 37980 37000 31270 37290 36960 31668
228027900 37000 38330
314012000 44860 39470 38460 8040
356505000 45640 38480 45570 38480 45640
244865000 40230 40470 44605 44500 34690
677028200 43510 44162 43510 44162 43510
273377000 44070 44162 44070 44162 44070 44010
371175000 45030 44070
244750716 45793 38398
538090454 46640 46770 31250 46820 46850
538006043 57777 57857 50010 50017
566822000 60190 60390 50010 50970 60390 60320 60250
525016550 51130 50730 51130 53010 52320
564784000 53450 54672 53450 54672
567000800 59960 59970 57485 57450 57462 59960 59970 57485 59960
353331000 57461 57450 61550
413699890 59960 59970 59960 57874 57760 59960 59976 57860 57760 57874 59976
413270660 57770 57822 57770 57822 57770
412470870 57821 60193 57770 60193
413468180 57821 57777 57821 57777 57821 57777 57821
413973881 57822 57777 57822 57777 57822 57777 57822 57777 57822 57777
413900062 57821 57777 57822 57840 57821 57777 57822 57840 57777 57825 57822
413990881 57822 57777 57822 57777 57822 57777
413780843 57822 57840 57822 57840 57825 57822 57840 57822 57825 57822 57840 57825 57822 57840 57822 57840 57822 57840 57825 57822 57840 57822 57777 57822
412764290 60230 57777 57822
413900746 57777 57840 57822 57840
413353910 57777 57860 57870 60010 59930 57825
416436000 57920 57955 57777 57920 57955 57777 57920
413323610 57818 57820 60215 60193 57819
413773772 57822 57821 57822 57825 57822 57825 57822 57821 57822 57830
413445430 59930 59950 59930 59960 57822 57862 57822 57876 57822 57876
413523880 60133 57825 59930 60133 59950 60230
412357920 59930 59976 60030 59950 59860
413448530 60193 59940 59960 59950 59960 59990 59960
412428490 59960 59985 60130 59960 59985 60133 59950 59960
312157000 59950 59987 62110 59950 61547
413562000 59960 59950 60170 57822
413803972 60110 59990 59970 59985 0
413770967 60125 59970 59991 59990 60125
413823732 59970 59991 60000 0
413850239 59990 59991 59970 60010 59976 59991 60010 59974 59976 59991 60010 59991
413812932 59970 60060
413771413 59970 60060
413791379 60060 59970 60060
412302790 59970 60180 59970 60193 59970 60180
412425740 60250 60233 60250 60233 60250 60160 59970 60250
413623000 60215 59974 60193 59974 60193
413965689 59976 59988 60130
413827602 59987 59974 59986 60060
413772361 60000 59995 60010 60000 60060 59987 59990
413789825 59990 59987 60010 60030 59990 60030
413851505 60130 59991 60130 59988 60130 59976
413993639 59990 60030
413823608 59991 59987
413416860 59991 60140 59991 60140 59991 60140 59991 60140 59991 60140 59991 60140
312209000 62085 59991 60390 59991
413800777 60010 60000 60010 59995
441717000 60390 61560 60390 61560 60390 61640 61560 60390 61390
212367000 61750 60390 61822 61750 60390 61822 61750 60390 61822 61750 60390 61750 60390 61822
431000234 61379 61378 61357 61385 61372 61480 61357 61547 61545 61547 61560 61547 61170
431005756 62430 62160 61480 61380 61372 61357 61480
431000581 61385 61375 61385 61940 61378
431003935 61375 61480 61375 61480 61385
431005953 61550 61595 61480 61380 61375 61547 61380 61390
431000859 61650 61375 61650 62078 61650 61375 61650 61375 61650 61375 61650 61375
431602131 61590 61595 61590 61680 61595 61590 61680
305287000 28715 28680 28715 30900 24020 30910 30900 24120 28715 28680 28715 30900 24020 30910 30780 30900 28715 28680 28690 28715
271040948 31100 31668 31100 31668 31100 31668 31100 31668 31100 31668 31100 31668 31100 31668 31375 31100 31668 31100 31668 31100 31375 31668 31100 31375 31100 31375 31668 31100 31375
255805555 31130 30780 28390 28660 30780 31085 30780 28390 28370 30780 31085 31130 31085 30780
636092158 31420 11035 11908 9865 14500 9865
431003935 61385 61480 61850 61870
205370390 31130 31140 31270 31040 0 28890
244740579 31100 31085 31100 0 31085 31150 31100 0 31085
244700312 31150 0 31250 31085 0 31120 0 31150 31270 0
246231000 31630 0 31150 32010 31120 31740 31140 31130 0 31120 31140
244660546 0 31150 31270 31215 31210 31220 31150
244650889 0 31270 31150 31210 0 31270 31210 0 31270 31210 0 31210 31270
413823732 0 59987 59991
413803972 0 60120 60110 0 59991
413825495 0 60000 0
413825412 0 60120 0
316278000 6340 1670 6340 1670 6340 1670 6340
235075024 30900 31280 35580 7790 8210 9865
538006043 7850 8530
636091655 11908 12120 9380 9510 11908 9380
314012000 9865 15250 14950 38330
309372000 31210 31270 31210 12970 31370
636091744 15990 61390 60390 60140 59960 60390 61390
232240000 16120 61385 17700 9150 61385 61480 6340
538090476 18525 18730 18150 61350 61380 61415 61480 61550 62085 61480
244750716 25910 28220 45440
230608000 31130 31250 26790 27750 28480
246507000 31050 31010 27750 27560 28860 31050
209304000 31668 31930 37980 28823 28710 33770
244660830 31100 30990 31100 30990 31150 31100 30990 31140 31100 30990 31060 31100 31150 30990 31060 31140 31100 30990 31060 31100 30990
244620935 31085 31130 31085 31130 31085 31150 31085 31130 31085 31040 31085 31080 31085 31150
245926000 31750 31150 31040 37040 31650
244700987 31140 31100 31140 31150 31120 31100 31140 31150
244690604 31130 31215 31270 31215 31250 31215 31150 31215 31150 31215 31150 31215 31150
244865000 34690 33680 36850 37950 37860 43560
371228000 38005 48130 48276 45080
228027900 38330 38870 45855 46000
356505000 45640 38480 38550 45640 38480 45640 38480
677028200 43510 44162 43510 44162 43510 44162
305262000 43572 31085
273377000 44010 44162 44070 44162 44070
371175000 44070 44622
538090454 46850 46855 46850 46640
566822000 60250 60190 60390 50000 50010 50970 57857 60390
525016550 52320 51130 50730 51130
564784000 54672 53450 54672
567000800 59960 59970 57777 57450 57462 59960
413323610 57819 57750 60170
413699890 59976 57860 57760 57860 59976 57860 57760 59960
413270660 57770 57822 57770 57822 57770 57822 57770 57822 57770 57822 57770
636016126 60390 59960 60390 60140 59960 57777 50000
413468180 57821 57777 57821 57777 57821
413990881 57777 57822 57777 57822 57777 57822 57777 57830 57777 57830 57777
413900062 57822 57821 57777 57822 57840 57822 57840 57821 57840 57821 57825 57830
413973881 57777 57822 57777 57822 57777 57822 57777
413780843 57822 57777 57825 57822 57825 57822 57825 57822 57840 57822 57825 57840 57822
413900746 57840 57777 57840
416436000 57920 58370 57777 57920 57450
412470870 60193 57777 60190 57777
413773772 57830 57822 57821 57822 57821 57822 57825 57822 57821 57830 57822 57821 57822 57825 57822
413445430 57876 59960 59950 59930 57822 59930 59950 59960 59950
413562000 57822 59960 59950 59990 59950 59960
412764290 57822 60230 57777
413353910 57825 57860 57864 59930
413523880 60230 57860 59930 59985 57770
412357920 59930 59991 60000 59960 60010 60000
412750120 59940 59960 59970 59960 59970 59974 59940 59960 59970
412428490 59960 59974 59960 59985 59987 59950 59960 60133 59950
413416860 60140 59991 60140 59970 60140 59970 60133 59950 59960
312157000 61547 59950 59987 61547
413750000 59960 60133 59950 60200 59950 60190 59950
412425740 60250 59960 59950 60233
413448530 59960 60133 60170 60190 60165 60190 60170 60190 60165
413987844 59974 59970 59995 59974 60000 59976 59970 59976 59974 60000 59970 59976
413776254 60010 60000 60010 60030 59976 59970 59976
413850239 59991 59988 59991 59976 60000 59970 59991 59976
413812932 60060 59970 59995 60060 59991
413791379 60060 59976 59970 60060 59976 60060 59970
412302790 60180 59970 60190 60180 60193 59970 60193
413789825 60030 59991 59974 60010 60030 59991 59974 59987
413827602 59974 59990
413623000 60193 59974 60193 59974
312209000 59991 59974 62255 60410 60130 61375
413771413 60060 59987 59976 59970
413851505 59976 59988 60130 59988 59976 59988 60130 59988 59976 59988 60130 59988 59976
413993639 60030 59987 60010 59985
413772361 59987 60030 60060 59987 60010 59976
413823608 59987 60030 59991 60030
413965689 60130 59988 60125 59970
413800777 59991 60010 60030 59990 60000 60060
413770967 60125 59991 59985
413825612 60120 0
353331000 61550 61390 61375 61605 61560 61568 60250 60190 61568
441717000 61390 60390 61480 60390 61415 61390 60390
212367000 61822 61750 60390 61750 60390 61822 60390 61822 60390
431000234 61170 61650 61550 61480 61372 61547 61350 61357 61380 61357 61480
431005756 61480 61460 61372 61480 61675
431000581 61378 61375 61480 61560 61480
431000859 61375 61650 61375 61650 61375 61650 61375 61650 61375 61650 61375 61650 61375 61650 61375 61650
431005953 61390 61379 61460 61390 61595 61390 61378 61380
431602131 61680 61550 61590 61595 61690
246507000 31050 31010 27750
244650889 31270 0 31210 0 31270 0 31210 31270 0 31270 0 31270
271040948 31375 31100 31375 31100 31668 31100 31375 31100 31375 31100 31668 31100 31375 31100 31375 31100 31668 31100 31375 31668 31375 31100 31668 31100 31375 31668
209304000 33770 34480 33770 34648 36900 36960 31270 37290 37970
356505000 38480 45640 38480 45640 38480 45640
244740579 31085 0 31085 0 31150 31050 0 31085 0 31085
244700312 0 31150 31250 31130 31120 0 31250 0
413825612 0 59988 59990 59974 59988 59990
413825412 0 60060 0 60110 0
413825495 0 60120 0 60060 60030
316278000 6340 1670 6340
371228000 45080 38480 38005 45080 7810 8280 9985 8500 8530 48276
636091655 12120 11908 12120 9380 9510 11908 9510
636092158 9865 11908 11035 31085 30780 31420 31250 14950
235075024 9865 53690 54030 53490 53690 61390 53490 60320
636016126 50000 49930 9860 12970 13120 12980 12770 13120 13760
636091744 61390 15990 15770 15765 15770 15370 15275 15990
538090476 18150 18525 18570 18210 18925 18210
305287000 28715 30900 24020 30910 30780 30900 24120 28715 28680 28715 30900 24020 30910 30780 30900 24180 28715 24020
230608000 28480 28510 26790 27750 28220 31130 31270 28484
255805555 30780 28390 28370 30780 31085 31130 31085 30780 28190 28370 28230 28660 30780 31085 31130 30780 28610
205370390 28890 30780 31150 31215 31250 31270 31150
244660830 30990 31140 31100 30990 31140 31100 30990 31060 31140 31100 30990 31140 31100 30990 31150
245926000 31650 31430 36460 31150 31040 37860 37670 31040 31220 30680
244660546 31060 31150 31050 31150 31050 31150
305262000 31085 31050 37990
244620935 31130 31250 31130 31085 31120 31150 31085 31150 31085 31130
246231000 31140 31120 31250 31630 31120 31650 31140 31100 31140
244700987 31150 31100 31150 31140 31150 31140 31150
244690604 31150 31215 31150 31130 31150 31130 31220 31270 31150 31130 31150
309372000 31210 31270 13140
538090454 31250 37950 46850
232240000 39440 31280 24210
314012000 38330 45570
228027900 38870 38810
371175000 44622 43420 44080 44450 44080 44340 44070
677028200 44162 43510 44162
244865000 43560 45753 34648
273377000 44070 44162 44070 44450
244750716 45440 30260
567000800 59960 59970 57777 57450 50000 49930 49850 49930 50000 49930 49850
538006043 50000 57777 57857 57572 50000 7850
525016550 51130 53133 51130 50730
564784000 53450 54672 53450 54672 53450
416436000 57450 57660 57920 57955 57777 57920
413699890 59960 59976 57860 57760 57874 59976 57860 57760 59976
413270660 57770 57822 57770 57822 57770 60150
413523880 57770 59930
413323610 60170 60190 57819 57770 60170
413468180 57821 57777 57821
413353910 59930 60030 57777 57821
413900062 57830 57777 57822 57840 57777 57822 57840 57777 57825 57822
413973881 57777 57822 57777 57830 57822
412764290 57777 57825 60193 59910 60200
413990881 57777 57830 57777 57830 57777
413900746 57840 57777 57840 57777 57840
412470870 57777 60193 57860 60190
413773772 57822 57821 57822 57821 57822
413780843 57822 57825 57822 57825 57822 57840 57825 57822 57840 57825 57822 57825 57822 57840
413445430 59950 59930 57822 59930 59960 60170 60193 60250
413448530 60165 60190 60165 60190 60180 57830 57770
413750000 59950 60200 59963 60190 59910 60200
412425740 60233 59910 60233 59910 60233 59910
412750120 59970 59985 59940 59960 59970 59976 59974 59940
412428490 59950 59960 60133 59950 59960 59987 59995
413562000 59960 59950 59990 59950 59985 60133 59860
312157000 61547 62110 59950 60325 59950 59987 61547
412357920 60000 59970 59950 60030 60000 59960
413416860 59960 60140 59991 60140 59991 60140 59991
413803972 59991 59976 59970 0
413987844 59976 59990 59986 59988 59976 59970 59974 59988 59970 59974 59995 60000 59991 59974 59970 59974 60000 59990 59976 59970 59988 60010
413812932 59991 59970 59976 60000 59990 59985 60060
413776254 59976 60010 59995 59991 59976 59995 59976 59970 59976
413850239 59976 59991 59976 59970 59990
413823608 60030 59970 59991 59985 59990 59985 60030 59990
413791379 59970 59995 60060 59991 59995 60060 59970 60060
413965689 59970 60030 60060
413771413 59970 60030 60060
412302790 60193 59970 60180 59970 60180 60193 59970
413823732 59991 59974 0
413789825 59987 60030 59991 59974 60010 59991
413623000 59974 60193 59974 60193 59974 60215
413851505 59976 60130 59988 59976 59988 60130 59988 59976 59988 60130
312209000 61375 61372 59976 59991 60610 61875 61870 59930
413772361 59976 60000 60060 59991 59985 60060
413800777 60060 59976 60000
413770967 59985 60000 60125
413993639 59985 60000 60010 60030
413827602 59990 59986 60000
566822000 60390 60320 60250 60190 60390 50017
441717000 60390 61390 60390 61480 61390 60390 61480 60390 61390 60390
212367000 60390 61750 60390 61822 61750 60390 61750 60390 61750 60390
431003935 61870 61165 61350 61550 62280
431005756 61675 61379 61378 61357 61390 61372 61350 61357 61480 61379 61378 61372 61550 61547 61375
431000234 61480 62280 61379 61385 61750 61357 61480 61372 61357
431000859 61650 62078 61375 61650 61375 61650 61375 61650 61375 61650 61375 61650 61375
431005953 61380 61390 61480 61380 61480 61378 61595 61390 61378 61547 61380 61385 61566
431000581 61480 61425 61385 61480 61490 61480 61547 61480
353331000 61568 61560 61555 57461
431602131 61690 61680 62140 61690 61932 61590 61680 62160
244700312 0 31220 31250 31085 31130 31085 0 31150
636016126 13760 13060 13020 13000 12980 12970 11908 12770 9380 11908 9860 12970 9380 9170
232240000 24210 24020 30900 31280 35580 6340 7790 7810 8550 8500 30900
244660830 31150 31140 31100 30990 31060 31100 30990 31140 31100 30990 31060 31150 30990 31100 30990 31060
413780843 57840 57822 57825 57822 57825 57822 57840 57825 57822 57840 57822 57840 57822
413699890 59976 57860 57760 59960 59976 57860 57760 59960 59976 57860
413825612 59990 0 60120
413416860 59991 60140 59991 60140 59991 60140 59991 60140
413770967 60125 59970 59991 60125 59970 59991 59990 59970
413445430 60250 60193 60250 60160 60250 60160 60250 60193
431005953 61566 61390 62121 61547 61390 61940 62121 61390 61385 61390
244740579 31085 31150 31085 0 31085 0
244650889 31270 0 31270 0 31270 0 31270 0 31210 31270 0
246231000 31140 31130 31430 31130 31630 31140 31130 31085 31140 31130 0 31630 31650 31550
413803972 0 60120 0 59991
413825412 0 60060 60110
413825495 60030 0 60120 0
316278000 6340 1670 6340
538006043 7850 8530
636091655 12120 11908 12120 11908 9380 12120 9510 11908
636092158 11035 11908 9865 31085 14950 14500 14950 9865
371228000 9985 38005 40080 48130
309372000 13140 12970
636091744 15770 61390 15990 15770 61390 60390
305287000 24020 30910 30900 24180 24120 28715 24020 30910 30900 24120 28715 30260 24020
230608000 28484 28390 28480 26790 27750 28480 28510 27755 28870
246507000 27750 28550 28187 28230 30850 28230 36130
255805555 28610 28370 28660 31085 31130 31085 30780 28370 28660 30780 31085 31130 30780 30710 28390
245926000 30680 30720 28870 31610 31050 30457 28870 33680 31250 35850
244750716 30260 27670
209304000 37970 34648 33680 30900 37290 37470 34648
244660546 31150 31040 31150
205370390 31150 31215 31270 31150 31040 31215 31270 31140
244620935 31130 31085 31150 31085 31150 31130 31150 31085 31150 31085 31130 31085
244700987 31150 31140 31150 31140 31100 31130
271040948 31668 31100 31375 31668 31100 31668 31100 31375 31100 31668 31375 31100 31668 31100 31375 31100 31375 31100 31668 31100
244690604 31150 31130 31220 31130 31150 31270 31150 31130 31150 31130 31150
305262000 37990 37940 31220 35732 31270 43340
244865000 34648 33770 35060 37690
228027900 38810 38870 38330 45820
356505000 45640 38480 45640 38480
677028200 44162 43510 44162 43510 44162 43510
371175000 44070 44080 44752
273377000 44450 44070 44860 44080
314012000 45570 45802 15250
538090454 46640 46770 46820 46850 46855 46850 46770 46640 37900
567000800 49850 49930 50000 49930 49850 49930 50000 49930 49850 49930 50000 49930 49850 49930 50000 49930 49850 49930
235075024 61390 61568 35060 60320 57462 49995 39590
566822000 60390 60320 60250 60190 60390 50017 50970 60390
525016550 50730 51130 50730 51130
564784000 53450 54672 53450 54672
416436000 57920 57450 57920
353331000 57461 57450 61375 61605
413448530 57770 60030 59960
413468180 57821 57777 57821
413900746 57840 57777 57840 57777 57821 57840
413990881 57777 57822 57777 57822 57777 57830 57777
413973881 57822 57777 57822 57777 57822 57777 57822
413900062 57822 57840 57821 57840 57830 57777 57822 57830 57777 57822 57840 57830
413323610 60170 60193 57819 57750
413773772 57822 57825 57821 57822 57825 57822 57830 57822 57821 57825 57822
413353910 57821 57864 59930
412470870 60190 57821 60190 57821
413523880 59930 60133 57825 59930 60133
413562000 59860 59960 59950 59990 59960 59986
412425740 59910 59930 59950 60233 59910 60233
412764290 60200 59910 59960 60193 59970
413750000 60200 59910 60193
412357920 59960 60030 59930 59950 59991
312209000 59930 60130 61375 60240
412750120 59940 59960 59940 59960 59970 59974 59960 59991 59940 59960 59970 59960
312157000 61547 62110 59950 61545
412428490 59995 59960 60193 59960 59950
413987844 60010 59990 59970 59991 59970 59976 60000 60010 59974 59970 59974 59976 59970 59974
413791379 60060 59970 59976 60060 59976 59987 59976
413771413 60060 59970 59976 59990 59986 60060
413965689 60060 59970 60060
412302790 59970 60180 59970 60193
413812932 60060 59988 59974 59976 60060
413789825 59991 59974 60010 60030 59990 59987 60030 60010 59990
413623000 60215 59974 60193 59974
413851505 60130 59988 59976 59988 60130 59988 59976 60130 59988 59976 59988 59976
413776254 59976 59991 59995 60000 60010 60000 60010 60000
413827602 60060 59985 59986 60000 60060 0
413772361 60060 59991 59985 59991
413993639 60030 59991 59986 60030 59991
413850239 59990 60010 59988 59987 60010 60000
413823608 59990 60010
413823732 59991 60000 60060 0
413800777 60000 60010 60030 60010 59991 60000 60030 59976
413270660 60150 60160 60190 60165 60190 60160 60190
441717000 60390 61480 60390 61480 60390 61390 60390
212367000 60390 61750 60390 61750 60390 61910
538090476 61480 62085 60400 60330
431005756 61375 61372 61310 61357 61380 61372 61480 61675 61550 61545 61550 61379 61372
431000234 61357 61350 61357 61650 61357 61380 61415 61372 61547
431003935 62280 61605 61480 61372 61385 61495 61390 61385
431000859 61375 61650 61375 61650 61375 61650 61375 61650 61375 61650 61375 61650 61375 61650
431000581 61480 62078 61547
431602131 62160 61595 61590 61680 61590 61680 61568 61680
