413425830 59970 60233 59910 60233 59910 59970 60250 60233
244670638 0 31040 31050 0 31100 0 31100 0 31040 31050 0 31250 0
244740961 31050 0 31050 31060 31120 0 31060 31050 31250 31120 31060 31120 31060 31050 31060 31270 31250
244790535 31250 31100 0 31050 31120 31060 31150 31100 0 31210 31250 31210 0
211510430 0 31080 31085 31250 31080 31270 31210 0 31080 31085 0 31250 0 31220 31250
244660081 31250 31150 31120 0 31120 0 31080 0 31080 31120 0 31120 0 31120 0
244660879 31250 0 31120 31060 31120 31080 31120 31100 31080 31120 31100 31080 31120 31050 31120 31060 0 31120 31250 31270 31120
244650942 31250 0 31130 31120 31150 31210 31250 0 31120
211488280 0 31150 31250 31150 0
269057456 31050 0 31150
244670406 30990 31270 31150 0 31150
244010031 31130 31150 0 31220 31250 31085
211159340 31100 31250 31050 0 31270 31250 0 31250 0
413772492 0 60030 0
240947000 12035 31250
235087214 33405 23138 31100 23138 31100
240305000 31100 23139 35590
259888000 34880 23451 31720 31220 31945 31085 23451 31220 23451 31220 31945
219430000 31250 24020 25320 24020 28610 25380 25190 31080 31120
273334320 28390 28370 28390 28360 28410 28390 28370 28390 28370 28390 28370 28390 28370
257983000 38005 28484 31100 24020
247399000 28860 43340 38330 37170 45635
205245890 31080 31040 31050 31250 31040 31050 31080 31120 31050 31250 31130 31120 31040 31050 31120 31040 31050 31080
211509670 31130 31120 31130 31040 31080 31100 31150 31130 31120 31150
205391990 31250 31085 31080 31040 31130 31100 31130 31085 31100 31250 31080 31100 31130 31100 31270 31250 31085 31080 31100 31210 31100 31080 31085 31100
244660639 31085 31080 31085 31130 31100 31085 31130 31085 31080 31140 31130 31085 31130 31085 31080 31100 31085 31100 31085 31130 31080 31085 31080 31085 31080 31100 31080 31085 31080 31270 31130 31080 31085
244670098 31085 31100 31085 31250 31100 31130 31100 31250 31085 31080 31085 31150 31270 31085 31270 31250 31085 31100 31080 31085 31080 31100 31215 31250 31270
205526390 31130 31220 31250 31270 31250 31080 31250 31130 31085 31250 31270 31250 31080 31085 31130 31085 31120 31220 31250 31270 31250
244010675 31250 31100 31120 31080 31250 31210 31270 31120 31100 31085 31120 31270 31100
205352190 31250 31120 31100 31250 31100 31250 31220 31250
249403000 31100 31720 31100 31430 31650 31720 31100 37470 34648 35840 38770
244810693 31250 31270 31210 31220 31270 31250 31220 31270 31210 31250 31210 31250 31270 31250 31270 31250 31270 31250
248373000 37970 37990 37470 31650 31220 37000 36855 28860
226002470 31270 31250 35732
234234000 35590 35600 35580 35600 35590 35580 35600 35580 35600 35590 35600 35580 35600 35580 35600 35580 35590 35580 35600 35580 35600 35580 35600
636015188 36860 28410
256483000 45753 37400 35732
247293100 38490 38750 38480 39470 38750 38490 38750 40130
247593000 39440 39310 39860 39440 39860 40110
248299000 39440 43568
247171100 40110 40760 40720 40110 39960 40110 39960 40110 40760
352642000 44230 40245 45080 44860
248863000 43568 45080 43680 43560
636012377 45635 44752 44802 44804 44752 45635
253049000 46435 46440 46435 46440 46435 46440 46435 46440 46435 46440 46435 46440 46435
372608000 48282 48276 48282 48276 48282 48276 46850
565459000 50010 49995 50000 50010 50000
565887000 50010 50000 58370 57920 61490 61480 61460 61380 61385 61555 57920 58395 58370
533060900 50017 51941 50017 51941 50017
477598900 57825 51585 57825 50785
533194000 51585 61480
311009200 53380 53340 60250 51587
353172000 53380 53450 53400 57325 53655
412469280 57768 57876 57830 57770 57859 59860 57859
413193000 59988 60000 57768 59988 60000 57768
412476870 57770 57825 57859 57821 57876
440111000 57777 49930
413697110 59970 57777 59970 57777 59970 57777 59970
355461000 61375 57822 53380
413900332 57825 57822 57825 57822 57825
413971754 57822 57830 57822 57825 57822 57830 57822 57825 57822
413471490 57822 57830
412553970 59970 59960 59970 57822 57876 59986
412204990 57822 60170 57874 60215
403557000 57840 57876 59976 59986 62078 50017
413505070 57860 57819
413450470 59976 59950 60250 59974 59950 57872 57876 60180
440206000 60170 60190 61560 62160 60376 57874 59991 60376
413449480 57876 60250
413417080 59940 59930 59940 59930 59940 59930 59940 59930 59940 59930 59940 59930 59940 59930 59940 59930 59940 59930
413443120 59985 59960 59950 60180 60193 60170 60220
413200030 60215 59950 60215 60000 57777
477266100 59986 59991 59970 59950 60320 59970
413402040 60200 60230 59974 59991 60230 59960 57745
413358220 59960 59990 59960 57821 59995 59988
413426980 59960 59970
412432090 59960 59970 59960 59970 59960 59970
636090235 59960 62078 61375 59988
477950900 61480 59990 59970 51130
413787101 59970 59991 59970
413958724 59970 60000 59970 60000 59970 60000
412206070 60215 60000 59995 60250 59970 60230 57874
412439960 59974 59986 60250 60190 60030 59995 59987 57822
413989606 59990 59985 59990 59985 59990 59985 59991 59990 59985 59990 59985 59990 59985 59974 59990 59985 59990 59985 59990
371308000 59990 61375 60323 59990 61375
413800448 60000 59995 60000 59990
413328210 60230 60010 60150 60250 60170
413445240 60230 60030 57859
413405870 60140 60170 60140 60133 60140 60170
413710651 60180 60190 60180 60190 60180 60190 60180 60190 60180 60190 60180 60190 60180 60200 60180 60190 60200
413630110 60250 57822
441739000 60390 60133
477524100 60400 57840
431001062 61280 61350 61490 61385 61280
431501616 61400 61390 61400 61390 61400 61375 61400 61390 61400 61375 61390 61400 61390 61357 61400 61390 61400 61390 61357 61350 61165
431501865 61545 61547 62060 61480 61375 61480 61375 61385 61480 61385 61375 61385 61547 61662 61490
431501622 61375 61560 61470 61490 61375 61490 61375 61547
431003089 61662 61545 61595 61662 61545 61662 61545 61375 61547 61385 61375 61490 61480
431500123 61595 61480 61595 61545 61375 61595
431000622 61385 61425 61385 61379 61460 61385 61379 61385 61490 61425 61490 61385 61480
273334320 28370 28390 28370 28390 28410 28390
244660639 31085 31080 31085 31270 31100 31085 31080 31100 31085 31100 31080 31085 31080 31085 31080 31085 31080 31085 31080 31270 31085 31080 31100 31085 31080 31100 31085 31080 31100 31080
431501865 61547 61165 61490 61375 61480 62220 61547 61385 61480 62430
244660081 0 30990 30950 30990 0 31150 31120 31050 0
211509670 31150 31250 31040 30990 28890 30780 0 31040 31100 31080 31130 31120 31150
211488280 0 31050 0 31150 31250 0
244650942 31050 31250 0 31050 31040 31150 31250 31270 31250 31270 0 31100
244740961 31250 31050 31060 0 31050 31120 0
244670638 0 31130 31120 0 31120 0 31120 0 31050 0 31250
205245890 31080 31085 31100 31080 31040 31085 31050 0 31050 0
244790535 0 31210 31080 31210 31100 31120 31210 31050 31100 0 31100 31210 0
211159340 0 31130 31120 0 31120 0 31130 31120 0 31250 0
244660879 31120 31085 31060 31050 31120 31080 0 31120 31060 31080 0 31250 31120 31150
244010031 31085 31120 31130 31150 31085 31040 31050 31150 31130 0 31140 31085 31120 31130
244670406 31150 0 31150 31215
269057456 0 31150 31120 31080 31050 0 31210 0
211510430 31250 0 31250 31080 31270 31250 0 31250 0 31250
413772492 0 60060 60030 60060 0 60120 0
413958724 60000 59970 60030 0 60120
219430000 31120 24020 30400 23950 29230 24020 24370 23950 23810 23138 29230 23950 30260 24020 25395 25190
257983000 24020 23138 30440 24020 23138 31080 30910 24020
235087214 31100 23138 30910
259888000 31945 31050 23451 31050 23451 31250 31945 31375
240947000 31250 24020 23950 38430
636015188 28410 24370 24000
240305000 37770 28440 31100
248373000 28860 35850 31220 31430 31220 37000
244010675 31100 31270 31080 31120 31010 31100 31080
205391990 31100 31085 31100 31120 31250 31210 31100 31040 31100 31130 31270 31100 31085 31120 31085 31100 31250 31270 31250 31210 31250 31130 31050 31080 31100 31085 31130 31100 31270 31250
244670098 31270 31100 31085 31100 31085 31130 31220 31250 31085 31080 31100 31080 31085 31100 31085 31100 31080 31085 31100 31085 31100 31080 31085 31250 31080 31085
205526390 31250 31085 31150 31250 31150 31130 31085 31080 31130 31100 31130 31120 31085 31080 31085 31120 31150 31250 31130 31120 31085 31130 31120 31130 31085 31130 31085
244810693 31250 31270 31250 31270 31250 31220 31250 31220 31250 31210 31250 31210 31270 31250 31210 31220 31250 31270 31250 31130
205352190 31250 31270 31250 31270 31250 31270 31250 31150
234234000 35600 35580 35600 35590 35580 35600 35580 35600 35590 35600 35580 35600 35580 35600 35480 35580 35600 35590 35580 35600 35590 35600 35580 35590 35580 35600 35580 35600
226002470 35732 31270
256483000 35732 38270 44010
249403000 38770 38780 39470 40245 36860
636012377 45635 38780 45635 45790 45635
247171100 40760 40110 39590 40110 39960 39215 39590 40110 40760
247593000 40110 40760 39860 40110 40760 40110 40760
247293100 40130 38480
352642000 44860 42200 45080 44860
477524100 57840 57777 57920 57857 50017 31085 42210 50010
248863000 43560 44340 44230 43500 43568 44350
248299000 43568 45030 45025 48140
247399000 45635 40720 45630 45635 45630
253049000 46435 46440 46435 46440 46435 46440 46435 46440
372608000 46850 48262
440111000 49930 50785 57777 57920 57460
477598900 50785 59970 60376 49995 53340
565459000 50000 50010 50000 50010
565887000 58370 50010 50000 58370 57920 61550 61490 61480 61460 61380 61385 61560 61555 57920
403557000 50017 15410
533060900 50017 51941 50017 51941 50970 50017 51620
477950900 51130 51587 50380 58370 57920 57953 54520
533194000 61480 51585 61385
311009200 51587 60190 61385 57920
355461000 53380 53400 55210 59950
353172000 53655 53490 61480
413402040 57745 59970 60230 60190
412469280 57859 57876 60000 57822 57768 57770 57768
413193000 57768 57859
413450470 60180 60190 57872 57876 57777 57876
413697110 59970 57777 59970 57777 59970 57777
413200030 57777 60230 59963
413505070 57819 59991
413971754 57822 57825 57822 57825 57822 57830 57822 57825 57822 57830 57822 57821 57822 57830 57822
413900332 57825 57822 57825 57822 57825 57822
412476870 57876 57822 57859 57825 57876 57822 57876
412439960 57822 57876 59970 59960
413630110 57822 60250 57822 60250 60215
412204990 60215 59995 59988 57825 60193
413471490 57830 57822
413445240 57859 57876 60010 60133
412206070 57874 60230 59988 59995 59988 60215
413449480 60250 60170 60180 59950 59960 57876 60250
413425830 60233 59910 59950 59970
413417080 59930 59940 59930 59940 59930 59940 59930 59940 59930 59940 59930 59940 59930 59940 59930 59940
412432090 59970 59960 59970 59940 59970 59950 59960 59970 59960
412553970 59986 59960 59950 60000 59950 60000 59991 60000 59970 59960
413358220 59988 59960 59990 59960 60000 59960 60000 59960 57876
477266100 59970 59990 59960 60180
371308000 61375 60140 59963 61595 59990
413426980 59970 59960
413443120 60220 60170 60220 59970 59987 60193 60210 59970
413787101 59970 59991 59985 59970 59991 59985 59970
413800448 59990 59995 60000 59970 59995
413989606 59990 59991 59990 59974 59990 59985 59991 59990 59985 59991 59990 59985 59990 59985 59990 59991 59985 59986 59990 59985 59991 59990 59985 59991 59990 59985 59990 59985 59990
636090235 59988 59986 60133 62078
440206000 60376 62290 60390 60376 62290 59990 61655
413328210 60170 60193 60030 60150
413405870 60170 60140 60133 60140 60133 60140
441739000 60133 60330 60170 60390 60133 60330 60390 60376 59950
413710651 60200 60180 60190 60180 60190 60180 60190 60193 60190 60180 60200 60190 60200
431501616 61165 61400 61390 61400 61378 61400 61375 61400 61390 61400 61350 61400 61390 61375 61400 61480 61400
431001062 61280 61490 61385 61375 61280 61490 61385 61280
431000622 61480 61375 61425 61375 61385 61375 61460 61385 61460 61379 61375 61400 61425 61480 61385
431003089 61480 61375 61547 61545 61375 61490 61662 61547 61595 62160 61375 62100
431500123 61595 61375 62070 61664 62070 61595 61375 61595
431501622 61547 61490 61547 61490 61547 61935 61560 61935 61490 61547 61935 61547 61935 61490
244010675 31080 31010 31120 31210 31270 31120 31210 31270 31150 31120 31085 31010 31050 31270
244010031 31130 31150 31210 31250 0 31040
249403000 36860 31100 31120 38550 39440 38550 38775 38810
352642000 44860 43500 39820 44230
412476870 57876 57777 57876 57860 57859 57876 57822 57819
431000622 61385 61375 61425 61375 61385 61480 61385 61379 61375 61379 61350 61385 61280 61400 61350
211509670 31150 31040 31130 31120 31150 0 30780
244660081 0 31080 31250 0 31150 31250 31150 0 31150 31100 31150 0 31040 31120 0 31120 31100 0
205245890 0 31050 0 31050 0 31050 0 31100 31220
211488280 0 31050 0 31150 31250 0 31080 0
257983000 24020 0 31085 34880
211159340 0 31250 0 31130 31120 31250 0 31130 31120 31150 31100 0 31100 0
244670638 31250 0 31130 31120 31250 0 31100
269057456 0 31120 0
244740961 0 31120 31250 31120 0
244650942 31100 31050 31040 0 31270 31040 31250 0 31120 31100 0 31250 31120 31100 31120
244660879 31150 31120 31080 0 31120 31080 31050 31120
244790535 0 31210 0 31210 0 31210 0 31220 31210 31100
211510430 31250 0 31250 0 31250 31220
244670406 31040 31010 31050 31060 0 31250 31215 31150
413772492 0 60060 0 60120
636012377 45635 12740 45635
259888000 31375 23138 33830 23451 31050 23451 31220 31050
219430000 25190 31080 31100 31120 31080 31270 24570 25380 24370 29490 24570 23950 30260 29490 24570 29490 24210 24180
636015188 24000 28410 24000 27400
235087214 30710 24020 31100 23138
248373000 37000 31220 35060 36460 31250 24210 28860
273334320 28390 28410 28390 28370 28390 28360 28390 28370 28390 28370 28390 28370 28390
477524100 31085 31550 30780 31250 42210 31085
244660639 31080 31100 31130 31085 31080 31085 31100 31085 31100 31270 31085 31130 31120 31130 31085 31120 31150 31250 31270 31080 31085 31120 31085 31080 31085 31080 31085
244670098 31085 31100 31085 31130 31270 31130 31085 31100 31150 31250 31080 31100 31080 31085 31250 31100 31080 31085 31080 31085 31130 31120 31085 31120 31130 31085 31100 31085 31100 31080 31085 31250
205391990 31250 31130 31080 31100 31130 31080 31250 31270 31140 31080 31100 31080 31100 31250 31270 31100 31270 31250 31270 31100 31085 31100 31120 31100 31140 31250 31130 31100 31130 31140 31080 31100
244810693 31130 31085 31080 31130 31085 31250 31130 31085 31100 31250 31150 31100 31120 31130 31250 31150 31100 31085 31250 31270 31250 31130 31085 31100 31085 31130 31250 31100 31130 31080
205526390 31085 31130 31120 31085 31100 31130 31085 31130 31250 31270 31220 31250 31150 31130 31150 31250 31080 31130 31120 31085 31250 31270 31250 31270 31250 31270 31250 31150 31130
205352190 31150 31270 31250 31220 31080 31150 31270 31250 31270 31250 31120 31250
256483000 44010 31120 31085 45151
240305000 31100 31085
226002470 31270 31250 31215
234234000 35600 35580 35600 35590 35580 35600 35580 35590 35600 35580 35600 35590 35580 35600 35580 35590 35580 35600 35590 35580 35600 35580 35600 35580 35590 35600
248299000 48140 38310 31080
240947000 38430 31640
247293100 38480 38750 38480 38750 38480 38750 38480
247171100 40760 39215 39960 40110 40830 40110 39960 40110 39960
247593000 40760 40470 39860 40110 39310 40110 39310 40110
248863000 44350 44752 45080 43680
247399000 45630 45635 38330
253049000 46440 46435 46440 46435 46440 46435 46440 46435
372608000 48262 48282 31375
403557000 48287 57822
533060900 51620 50010 49982 51941 51587 50017 51587
565459000 50010 50000 49995 50015 50000
565887000 57920 58395 58370 50000 50010 50000 49930 58370 57920 61490 61480 61460 61380
477266100 60180 60376 50017 50930
440111000 57460 57450 50785 50017
533194000 61385 51585 61375 51585 61390
477950900 54520 54500 59974 51587 59950
353172000 55050 53450 53610
311009200 53490 59950
477598900 55130 54030
412469280 57768 57817 57768 57819 57768 57876 59960 60000
413445240 60133 57770 57876 59910 57876 60010 59960
413402040 60190 59960 57777 57822 57825
413697110 57777 59970 57777 59970 57777
413900332 57822 57825 57822 57825 57830 57822 57825 57822 57825
413971754 57822 57825 57822 57830 57822 57825 57822 57830 57822
413471490 57822 57830 57822 57830 57822 57830
413450470 57876 57822 57876 60180 59910
413630110 60250 57822 60250 57822 60250
412439960 59960 60220 59974 57859 57830 59960 60250
413193000 57859 60000 59988 59987 59970
413358220 57876 59960 59990 59960 60000 59960 60000 59960 60000
413417080 59940 59930 59940 59930 59940 59930 59940 59930 59940 59930 59940 59930 59940 59930 59940 59930 59940
412432090 59960 59970 59940 59970 59960 59970
355461000 59950 11750
413426980 59960 59990 59960 59950 59960
413425830 59970 60250 60160 59970 59960 59950 59970
441739000 59950 60170 60390 60325 59986 60133 60330 60130
412553970 59960 60000 59991 60165 59960 59970 59960
413443120 59970 59960 60170 60193 60220 60193 60210 59970 59960 60193
413200030 59963 60215 60000 60250 59990 60215
412206070 60215 59963 60230 57770
371308000 59990 59963 61480 60130
413787101 59970 59985
413328210 59970 60230 60030 60230 57768
413989606 59990 59985 59974 59990 59985 59990 59985 59990 59985 59990 59991 59990 59985 59990 59985 59991 59974 59990 59985 59990 59985 59974 59990 59985
413800448 59995 60000 59987 59990 60030 60000 59991
413449480 60250 59990 60250
413505070 59991 57870
412204990 60193 60000 60170 60190
413958724 60120 0 60060 0
413405870 60140 60133 60140
440206000 61655 60180 60190 61390 62160 60390
413710651 60200 60190 60200 60180
431001062 61280 61490 61375 61280 61385 61375 61280
431501616 61400 61390 61400 61390 61400 61350 61390 61400 61390 61400 61375 61390 61400 61375 61400 61480 61400 61390 61400 61390
431501622 61490 61470 61547 61935 61560 61547 61490 61375 61490 61547 61935 61490 61547
431003089 62100 61595 61375 61605 61662 61595 62100 61375 61490 61385 62080 61545
431500123 61595 61545 61490 61385 61545 61385 61595 61480 61385 61595 61375 61490 61595
431501865 62430 61662 62160 61480 61490 61547 61490 61385 61375 62430
636090235 62078 59986
413958724 0 60120 0 60000
205391990 31100 31085 31120 31130 31250 31120 31085 31210 31130 31120 31100 31120 31250 31270 31100 31130 31100 31130 31140 31130 31100 31210 31250 31100 31270
205245890 31220 31250 31220 31270 31120 31080 31130 31120
247293100 38480 39470 38480 39470 45790 38490 38750
412476870 57819 57859 57821
413417080 59940 59930 59940 59930 59940 59930 59940 59930 59940 59930 59940 59930 59940 59930 59940 59930 59940 59930 59940
244670638 31100 31080 0 31040 31050 0 31250 31120 0 31130 31120 0
211509670 30780 31040 31130 31120 0 31040 31130 31120 31130 0 31130 31120 31130 31150 0 31040 31120
244740961 31130 31120 31100 0 31040 0
211159340 0 31270 31250 0 31050 0 31100 0 31100
211488280 0 31080 0 31050 0
244660081 0 31150 31250 0 31120 31100 0 31080 0 31080 0 31250 31150 0 31270
244790535 31100 0 31100 0 31100 0 31120 31100 0 31080 31050 31250 31050 31250
244010031 31040 0 31085 31040 0 31150 31270 31220 31150 0
269057456 0 31100 0 31120 31100 31120 31080
244660879 31120 31250 31120 31060 31120 31060 31080 31120 31100 0 31100 0
211510430 31220 0 31150 31250
244650942 31120 31100 31120 31050 31040 31250 0 31250 0 31250 0
259888000 31050 23451 31220 23451 31050 23138 33830 23138 100 31945
240947000 31640 7150 12180
355461000 15410 60376 11750 9860
235087214 23138 31100 23138 31640 24020
219430000 24180 24020 25380 24020 30400 24210 29490 24570 23950 29230 29870
248373000 28860 24370 28860 32170 31650 31660 31270 31085 34690 35732
636015188 27400 28410 24370 31220 27400 28410 35840
273334320 28390 28360 28390 28410 28360 28390 28370 28390 28370 28390 28370 28390 28370 28390 28370 28390 28370 28410 28390
244010675 31270 31120 31010 31050 31130 31150 31120 31010 31120 31130 31080 31270 31210 31270 31250 31270 31210 31270 31050
248299000 31080 31100 31050 45855
244660639 31085 31080 31085 31080 31085 31150 31270 31085 31080 31085 31080 31085 31080 31085 31080 31085 31215 31210 31085
244670098 31250 31085 31250 31080 31085 31150 31250 31270 31085 31080 31100 31080 31085 31250 31085 31100 31080 31085 31130 31250 31130 31085 31080 31100 31150 31250 31100 31085
205526390 31130 31100 31250 31220 31210 31250 31100 31130 31085 31130 31120 31085 31100 31130 31120 31085 31100 31085 31250 31130 31085 31080 31120 31085 31130 31080
244810693 31080 31250 31220 31250 31100 31085 31130 31120 31250 31210 31250 31270 31220 31250 31220 31250 31210 31220 31150 31080 31250
257983000 34880 31085 35840 31270 31085
240305000 31085 40110
244670406 31150 31220 31215 31220
226002470 31215 31270
205352190 31250 31220 31270 31250
249403000 36860 31220 38810 38780 38540 38550
372608000 31375 35590 31650 9030
234234000 35600 35580 35590 35600 35580 35600 35590 35990 35580 35590 35580 35600 35590 35580 35600 35580 35600 35590 35580 35600 35580 35590 35580 35600 35580
247399000 38330 28860
247593000 40110 39310 40110 39310 40110 40760
247171100 39960 40110 39960 40110 39960 40110 39960 40110 39590 40110
248863000 43680 43500 44752 42200 43655
352642000 44230 43334 44860
636012377 44804 44752 45635
256483000 45151 45080 43670
253049000 46435 46440 46435 46440 46435 46440 46435 46440 46435
440111000 57460 50017 49930 50785 60323
565459000 50000 50010
565887000 61380 61385 61555 57920 58370 50010 50000 58395 58370 57920 61490
477524100 50010 57840 57777 57920 57857 50017 42210
533060900 51587 50017 51941 50017 51941 50017 51620
477266100 50930 57821 57822 59974
533194000 61390 51585 61460 51585
477598900 54030 53340 52065 60325
353172000 61480 60376 53610 53340
413505070 57870 57745 59987
413328210 57768 57820 57750 57876 60010 60150
412469280 60000 57830 57820 57768 57821
412206070 57770 60215
413697110 57777 59970 57777 59970 57777 59970 57777
413450470 59910 59963 57822 57821 57819 59990
413402040 57825 57820 57825 57822 59960
413200030 60215 57820 60250
413971754 57822 57825 57822 57825 57822 57825 57822
413900332 57825 57822 57825 57822 57825 57822
413471490 57830 57822 57830
403557000 57822 57920 57870 59990 59986 59988 59970
413630110 60250 57822 60250 57822
440206000 60390 61560 62160 57920 57955 60323 60376 62290
412204990 60190 60193 59860 60133 60000 60230
413426980 59960 59930 59960 59910 59960 59950 59960 59950 59960 59950
413425830 59970 60250 60233 59910 60205 59985 59970
412439960 60250 60190 59988 60000 59930 59910 60250
413445240 59960 59974 59950 60133 59930 60250 57777
311009200 59950 53655
412553970 59960 59976 60165 59960 59950 59960 59950 59960 60000 59960 59950 59960 59950 59960
413443120 60133 60220 59970 59960 59950 60000 59960
477950900 59950 60320 51730
412432090 59970 59960 59970 59960 59970
413358220 60000 59960 60000 59960 60000 59960 60000 59960 59990 59960
371308000 60130 59963 60193 61480
413193000 59970 57768
413787101 59985 59970 59985 59970 59976 59970
441739000 60130 60325 60376 61662 61385 60376 59974 60170 60390
413989606 59985 59990 59985 59990 59985 59990 59991 59985 59990
636090235 59986 62078 60376 62078 59986
413800448 59991 60030 59990 60000 59995 60000
413772492 60120 0
413405870 60140 60133 60140 60133 60140 60133
413710651 60180 60200 60190 60193 60190 60193 60190
413449480 60250 59990
431001062 61280 61490 61385 61375 61280 61375 61490 61280 61490
431000622 61350 61910 61350 61400 61340
431003089 61545 61595 61385 61357 61480 61375 61662 61555 61480 61379 61378 61664 62160 61375 62100
431500123 61595 61375 61595 61480 61375 61385 61595 61545 61375
431501616 61390 61480 61390 61400 61390 61375 61400 61390 61375 61390 61400 61480 61400
431501865 62430 61480 61490 61550 61385
431501622 61547 61490 62110 61547 61560 61630 61490 62110 61490 61375
205526390 31080 31085 31130 31080 31130 31120 31100 31250 31270 31250 31085 31100 31250 31270 31250 31085 31100 31085 31130 31085 31100 31120 31100 31085 31100 31120 31085 31100 31085 31130 31085 31120 31100 31080
269057456 31080 31120 0 31050 0 31050 31150
211509670 31120 31130 31100 31120 31100 31120 0
205391990 31270 31130 31120 31270 31250 31270 31250 31100 31250 31270 31250 31270 31080 31085 31250 31120 31130 31085 31130 31120 31130 31060 31080 31085 31040 31080 31100 31130 31050 31130 31250
247171100 40110 39960 40110 39960 40110 39590 40110 39960 40110 39590 40110 40760
311009200 53655 53490 53450 53400 53160 57920 53610
413426980 59950 59960 59990 59950 59960 59950 59960 59950 59960 59950 59990 59950 59960
413358220 59960 60000 59960 60000 59960 60000 59960 59990
412432090 59970 59960 59970 59960 59970 59910 59960 59974 59960
244010031 0 30990 31100 0 31220
211159340 31100 0 31050 0 31050 31210 31250 0
244660081 31270 31150 0 31130 31120 0 31130 31120 0 31050 0 31250 31150
244740961 0 31080 31120 0 31050 31120 0 31080 31120
205245890 31120 31100 31120 31100 31250 31040 31050 0 31050 31100 0
244670638 0 31120 0 31120 0 31250 0 31120 31150 31040 31050 0 31080
244660879 0 31120 31060 31120 31270 31250 31040 31120 31060 31100 31080 31120 31080 31060 31250 31040 31120 0 31100
244650942 0 31120 31250 31270 31250 31100 31040 31250 31085 0 31120 31250
211488280 0 31220 31250 0 31120 31100 31150 0 31220 31250 0 31250 31050
211510430 31250 31085 31250 0 31150 31250
244790535 31250 31050 31100 0 31250 0 31210 31250 31050
413772492 0 60060 0 60120 0 60030 60060 60030
413958724 60000 0 60120 0 60060
372608000 7910 7895 7630 15770 9030 14630
240947000 12180 9100 12037
355461000 9860 15410 55210
235087214 24020 23138 24020 34880 24020
259888000 31945 31220 31945 31085 23138 33830 23451 31720 23451
219430000 29870 23950 24020 30260 24020 24120 24370 23950 29230 23950 24020 23950 30400 23950 24020 24120 23138
240305000 35590 28360 36855
273334320 28390 28370 28390 28410 28390 28370 28390
636015188 35840 28410 31720
257983000 31085 29490 30170
244670406 31220 31040 31150 31220 31060 31140 31150 31220 30990 31040
248373000 36850 34690 35732 36850 31270 31040 31050 34690
244010675 31050 31100 31150 31130
244670098 31085 31100 31080 31085 31270 31085 31100 31080 31085 31120 31085 31250 31100 31080 31130 31100 31215 31250 31130 31085 31100 31080 31085 31130 31250 31120 31085 31130 31100 31085
244660639 31085 31080 31270 31210 31085 31210 31085 31220 31270 31210 31085 31080 31085 31220
244810693 31250 31150 31250 31270 31210 31270 31210 31100 31120 31100 31085 31120 31130 31100 31270 31210 31250 31130 31085 31100 31085 31100 31250 31270 31250 31100 31080 31130
477524100 31085 31550 30780
205352190 31250 31270 31120 31250 31120
249403000 38550 38780 38770 37690 31220 37000 38810 38540
226002470 31270 35732 31215
234234000 35580 35600 35580 35590 35580 35600 35590 35600 35580 35600 35580 35590 35580 35600 35580 35600 35590 35600 35590 35990 35580
247293100 38750 38480 36900 38480 39470 38490 38750
247593000 40760 40110 40720 40110 39310 40470 40760
247399000 40720 45635 40720 43340 40720 43340
352642000 44860 45080 45110 40860 44230
256483000 43670 42200 43572 44200 44622 42200
248863000 43655 43560 44350 44340 44605 42200 43680
636012377 45635 44802 45635 38780
248299000 45855 30910
253049000 46435 46440 46435 46440 46435
565459000 50010 50000 50060 50010 50000 50010 50000
533060900 51620 50017 50010 51620
440111000 60323 57460 50017 50785 57955
477950900 51730 50017 51120 60160
533194000 51585 61375 51585 61390 51585
565887000 61490 61460 61380 61390 61560 61555 57920 58370 57462 50000
477598900 60325 57575 57580 49890
412469280 57821 57820 57768 57820 57768 57859 57820 57768
413193000 57768 57859 60000 59988
413200030 60250 60000 60250 57770 60250
413697110 57777 59970 57777 57821 59970 57777 57821 59970
413445240 57777 57876 59974 57872 59960 60250
412476870 57821 57822 57876 57821 57876
413900332 57822 57825 57822 57825 57822 57830 57822 57825
413971754 57822 57830 57825 57822 57825 57822
413471490 57830 57822 57830 57822 57830 57822
412439960 60250 60220 57822 57876 59960 59950 60170
413630110 57822 60250 57822 60250 57822
412553970 59960 57876 59960 59950 59970 60165 59960 59950 59960 59970
440206000 62290 60230 60140 60325 60376 59991 60376 62290 61490 57920 62160
413417080 59940 59930 59940 59930 59940 59930 59940 59930 59940 59930 59940 59930 59940 59930 59940 59930 59940 59930 59940 59930 59940 59930 59940 59930
413328210 60150 60250 59970 59987 60140 60230 59974 59950 57770
413425830 59970 60180 60205 60250 59963 59950 59970 60250 60230 59950
412206070 60215 59950 60215 59995 60250
636090235 59986 59960 59963
413402040 59960 59970 60230 60190 60230 59960
413443120 59960 60193 60210 59970 59960 60210 59974
371308000 61480 59963 60140 59990
413787101 59970 59991 59985 59970 59976 59970 59985
412204990 60230 59970 60193 59970 60193 59950
403557000 59970 60320
413989606 59990 59985 59974 59985 59990 59985 59990 59985 59990 59986 59990 59985
477266100 59974 59987 59976 59990 59986 50017
413505070 59987 57876
413450470 59990 59987 60170 59963
413800448 60000 59991 60030 59990 60030 59991 60030 59970
413449480 59990 60250 60180 60250 60193 60250 60193
413405870 60133 60140 60133 60140 60133 60140 60133 60140 60133
441739000 60390 62110 61385 62110 61595 60376 60170 60376 57920
413710651 60190 60180 60200 60190 60180 60190 60180 60193 60200 60180 60190 60180 60190
353172000 60376 53655
431501865 61385 61480 61490 61385 61480 61375 61165 61865 61375 61385 61480 61165
431001062 61490 61375 61280 61375 61385 61280 61385 61375 61280
431000622 61340 61357 61350 61355 61357 61379 61385 61379 61400 61425
431501616 61400 61390 61480 61490 61390 61350 61480 61400 61390 61400 61390 61350
431500123 61375 61595 61545 61595 61545 61375 61385 61595 61545 61595 61385 61480 61375
431003089 62100 61490 61378 61385 61378 61662 62100 61385 61547 61375 61385 61490 61545
431501622 61375 61490 61375 61490 61375 61490 61375 61490 61375 61560 61547 62110 61547 61280
259888000 23451 31250 23810 30170 23810 23138 31220 24020
244670638 31080 0 31120 0 31050 0 31120 0 31100 0
244670098 31085 31250 31100 31130 31085 31130 31100 31080 31085 31080 31085 31100 31085 31130 31120 31085 31130 31085 31080 31100 31085 31220 31250 31085 31215
244740961 31120 31080 0 31150 0 31100 0
244010675 31130 31120 31130 31120 31010 31060 31050 31010 31210 31250 31270 31215 31210 31270 31250 31270
249403000 38540 37970 37990 37950 45790 38550 38780
247399000 43340 40720
413900332 57825 57822 57825 57822 57825 57822 57825 57822
413697110 59970 57777 57821 59970 57777 57821 57777 57821 59970
211488280 31050 31250 0 31100 0 31040 31250
269057456 31150 31100 0 31050 0 31120 0 31150 31120 31100 0
211159340 0 31210 31250 31050 0 31050 31040 31050 31040 31050 0
244660081 31150 31250 0 31100 31040 0 31250 0 31050 0 31100 31150 0 31100 0
205245890 0 31100 0 31100 0 31250 0 31085 31050 31250 31100 31120 31250
244790535 31050 31100 31250 0 31100 31250 0 31100 31250 0 31250 0 31250 0 31120
244660879 31100 31120 31060 31120 31060 31120 0 31120 31060 31080 0 31120
244010031 31220 0 31150 31130 0 31120 31130
244650942 31250 0 31270 31120 31250 31120 0 31250 0 31120 0
211509670 0 31150
413772492 60030 0 60120 0
240947000 12037 25330
372608000 15770 15830 15850 14415
235087214 24020 23138 24020 23138
219430000 23138 29490 23950 24020 30170 23950 24020 24050 29490 29230 29110 23736 29490 24210 24020 27805 28610
636015188 31220 28410 30710 28410 25910 28410 28715
273334320 28390 28410 28390 28370 28390 28370 28390 28410 28390 28410 28390 28410 28390 28410
257983000 30170 29545 30440 31085 31100 31080 37740
248299000 30910 25570
244670406 31040 31050 31150 31220 31215 31040 31010 31220 31040 31220 31040 31150
205391990 31250 31210 31100 31080 31085 31100 31210 31270 31085 31080 31040 31100 31085 31100 31130 31100 31085 31100 31080 31085 31250 31100 31130 31080 31085 31270 31250 31270 31250 31120
211510430 31250 31085 31050 31250 31150 31220 31250 31210 31250
205526390 31080 31130 31120 31085 31100 31130 31120 31085 31080 31085 31100 31120 31130 31100 31130 31120 31100 31130 31120 31100 31130 31100 31120 31085 31100 31120 31250 31120 31100 31130
244660639 31220 31210 31085 31130 31120 31130 31085 31130 31085 31270 31080 31085 31150 31210 31085 31120 31085 31080 31085 31080 31085 31080 31085 31215 31210
244810693 31130 31080 31250 31100 31130 31085 31080 31100 31130 31120 31130 31210 31250 31085 31150 31130 31100 31120 31100 31270 31100 31130 31120
240305000 36855 31100 31085 35590
205352190 31120 31150 31250
226002470 31215 31270 31215 31270 31250 31215
248373000 34690 34648 31250 36460 36850 31270 31040
234234000 35580 35600 35580 35600 35590 35580 35600 35580 35600 35580 35600 35590 35600 35580 35600 35590 35990 35590 35580 35600
247293100 38750 38490 39470 38480 39470 39810 38370 39470
247593000 40760 40110 39440 40110 39310 40110
247171100 40760 40720 40110 39960 40110 39960 39590 40110 39960 40110
352642000 44230 40245 40760 40245 45080
256483000 42200 43572 39440
477524100 42210 50017 57840 57777 57920 50010
248863000 43680 43560 44350 44230 43510
636012377 45635 38780
253049000 46435 46440 46435 46440 46435 46440 46435 46440 46435
477598900 49890 50518 50017 57745 57825 52065 57777
440111000 57955 57920 50017 49982 61550
565887000 50000 57462 50000 49930
565459000 50000 50010 50017 50000 50010
533060900 51620 50017 51620 50017 51620 50017
477266100 50017 57920 59974
533194000 51585 60320 51585 60320 51585
311009200 53610 54050 54030 53160 60250
353172000 53655 53610 53340 53160
477950900 60160 57953 54520 50010
412469280 57768 57821 57822
413328210 57770 57876 59995 59988 59974 60165 60170
412476870 57876 57777 57876 57860 57822 57876 57822 57819
413445240 60250 57777 57876 59960 59970 60133 59910 59960 60170
413200030 60250 57820 60250 57874
413971754 57822 57825 57822
413471490 57822 57830 57822
413630110 57822 60250 60215 57822 60250
413193000 59988 60000 57859 60170
412439960 60170 57860 57859 60193 60170 57860
413402040 59960 57870 59991 57872 59970 57870 59970 60200
413505070 57876 57822
441739000 57920 59974 61560 61385 59991 60170
413417080 59930 59940 59930 59940 59930 59940 59930 59940 59930 59940 59930 59940 59930 59940
413426980 59960 59950 59960 59930 59960 59990 59960
412553970 59970 60000 59970 60180 59950 59960
413425830 59950 59970 60180 60205 59985 60160
412204990 59950 60193 59974
412432090 59960 59970 59960 59974 59960
413358220 59990 59960 59986 59960 59986 59960 59990 59988
636090235 59960 59986 61385
413443120 59974 59960 60193 60230 60193 60220 59970
413450470 59963 60250 59974 60190 57859
413787101 59985 59970 59985 59991 59970 59985 59990 59976
413800448 59970 59991 60030 59995 60000 59990 60000 59991
413958724 60060 60000 59970 60000 59970 60000
413989606 59985 59991 59990 59985 59990 59985 59990 59986 59990
412206070 60250 59990 60215 60000 60250
440206000 62160 60190 60390 62160 59990 60376 59990
371308000 59990 61375 60130
413405870 60133 60140
413710651 60190 60200 60193 60200 60193 60180 60200 60190 60180 60193 60200 60180 60200
413449480 60193 60250
403557000 60320 15410
355461000 60376 60325 60400 53930
431000622 61425 61375 61280 61390 61357 61165 61190 61170 61280 61357
431501865 61165 61385 61460 61375 62224 61662 61865 61385
431501622 61280 61375 61490 61547 61490 61378 61490
431001062 61280 61385 61375 61280 61375 61280
431501616 61350 61390 61245 61400 61390 61400 61390 61480 61490 61375 61390 61400 61480 61390 61400 61375 61245
431500123 61375 61595 61480 61595 61480 61595 61375 61595
431003089 61545 61379 62100 61547 61662 62080 62100 61595 61547 61555 61490 61662 61385 61490 62110
