Port_ID,Longitude,Latitude
12900,-43.1500,-22.8167
12930,-43.1167,-22.8833
14470,-71.6167,-33.5833
35580,-1.4000,50.9000
35840,0.1167,49.4833
48276,55.0500,25.0167
48617,69.7000,22.7333
49930,101.4000,3.0000
49982,103.9000,1.4333
49995,103.9500,1.4000
50000,103.8500,1.2833
50010,103.7667,1.2333
50015,103.8000,1.2000
50017,103.7333,1.2833
50970,106.8833,-6.1000
51130,112.7333,-7.2000
51587,103.5500,1.3500
53610,151.7833,-32.9167
54520,115.7500,-32.0500
54605,116.7167,-20.6333
57840,114.2000,22.2667
57857,114.2667,22.5833
57860,116.6833,23.3667
57870,118.0667,24.4500
57872,118.1500,24.6833
57874,118.6000,24.8833
57890,121.7667,25.1333
57920,120.2500,22.6167
57935,121.4000,25.1833
57950,119.5333,23.5833
57955,120.5000,24.3000
59015,123.6333,10.3667
59970,121.5000,31.2167
59976,121.2000,31.6500
59990,120.4000,31.9667
59991,120.8000,32.0000
60140,120.2667,36.0333
60160,121.4500,37.5500
60165,120.8333,37.8167
60220,122.2333,40.6833
60230,122.0833,40.3000
60250,121.6667,38.9167
60390,129.0333,35.1000
61372,139.8833,35.3667
61380,139.7500,35.6667
61385,139.7667,35.5000
61390,139.6833,35.4667
61425,138.2333,34.6000
NULL,138.5000,35.0167
61480,136.8667,35.0667
NULL,135.1333,34.2000
61547,135.4333,34.5500
61550,135.4333,34.6500
61555,135.3833,34.7000
61560,135.1833,34.6500
61566,134.6500,34.7667
61650,132.4667,34.3500
61675,131.8667,34.0000
61935,135.3500,34.4667
62115,130.8167,33.9167
62121,130.8167,33.8667
62140,130.9667,33.9500
62160,131.6667,33.2500
62430,130.4000,33.6000
70,-22.5500,64.0000
75,-22.0500,64.0500
80,-21.9500,64.0667
90,-22.0167,64.1500
100,-21.9333,64.1500
105,-22.0000,64.2667
160,-23.6000,65.6833
170,-23.4833,65.8833
185,-23.2333,66.1667
190,-23.1167,66.0667
230,-20.3000,65.6667
240,-20.3167,65.8333
250,-19.6667,65.7500
260,-18.9167,66.1500
270,-18.6333,66.0833
280,-18.5167,65.9833
310,-18.0833,65.6833
320,-17.3333,66.0333
330,-16.4500,66.2833
340,-15.9333,66.4500
380,-14.8333,65.7500
400,-14.0000,65.2667
420,-13.6833,65.1500
430,-14.0167,65.0667
450,-14.0167,64.9333
470,-14.2833,64.6667
480,-15.2333,64.2500
510,-20.2833,63.4333
542,-42.2167,61.5167
543,-42.2167,61.7667
560,-45.2000,60.1167
580,-46.0500,60.7167
585,-46.0500,60.9167
590,-45.4333,61.1500
605,-48.1000,61.2333
610,-49.6667,62.0000
630,-51.5500,63.7000
640,-51.7500,64.1833
670,-52.9167,65.4167
680,-53.3000,65.8167
690,-53.7000,66.9167
695,-50.9500,66.9667
700,-53.7333,67.9500
760,-52.8667,68.7000
790,-51.1833,68.8167
810,-51.1000,69.2167
840,-53.5333,69.2333
870,-53.6667,70.8000
890,-52.1500,70.6833
940,-55.5333,72.1500
960,-56.1500,72.7667
1000,-68.8667,76.5333
1020,-76.7500,72.7500
1035,-62.7333,67.0333
1040,-65.7500,66.1333
1090,-94.1833,58.7833
1190,-71.9500,61.6000
1238,-62.8333,58.5833
1260,-61.6833,56.5500
1290,-60.2000,55.4500
1310,-58.4167,54.1833
1330,-60.1500,53.5333
1335,-60.3000,53.3667
1340,-60.4000,53.3500
1350,-57.0333,53.7000
1370,-55.7667,53.4000
1390,-55.5833,52.2667
1420,-55.5833,51.3667
1430,-55.9000,50.8833
1431,-56.1333,50.8667
1460,-56.6167,49.7833
1470,-56.3833,49.9333
1475,-55.6167,49.9667
1510,-56.0000,49.6167
1515,-56.0667,49.5000
1525,-55.2333,49.5333
1530,-55.3333,49.1500
1560,-55.0500,49.2500
1580,-54.7667,49.6667
1595,-53.1167,48.6500
1600,-53.0833,48.5000
1605,-53.0833,48.5000
1611,-53.9500,48.1500
1620,-53.2167,47.7333
1630,-53.2167,47.6833
1640,-53.2667,47.5833
1670,-52.7000,47.5667
1690,-53.4000,46.7333
1710,-53.9833,47.3000
1715,-54.0167,47.8000
1731,-55.4000,46.9167
1750,-56.1667,46.7833
1785,-55.7500,47.1000
1790,-57.6167,47.6000
1795,-59.1333,47.5667
1810,-58.5333,48.5333
1820,-61.7500,12.0500
1830,-57.9500,48.9500
1880,-57.1333,51.4167
1890,-63.6000,50.2333
1900,-64.0167,50.2833
1955,-66.3833,50.2000
1957,11.8333,-4.7833
1958,-66.7833,50.0333
1990,-67.5333,48.8500
2015,-68.1333,49.2333
2030,-68.5167,48.4500
2100,-69.7167,48.1500
2110,-70.8833,48.3333
2130,-71.0667,48.4333
2150,-69.5167,47.8333
2180,-71.2167,46.8167
2200,-72.3833,46.4000
2210,-72.5500,46.3500
2220,-73.1167,46.0500
2235,-73.5500,45.5167
2300,-74.0333,45.4000
2310,-74.0833,45.4667
2320,-74.1333,45.4667
2330,-74.2000,45.5333
2340,-74.3333,45.5667
2350,-74.3667,45.5667
2370,-74.4667,45.5833
2380,-74.6000,45.6333
2390,-74.6167,45.6167
2400,-74.8667,45.6500
2420,-74.9333,45.6500
2430,-75.0167,45.6167
2460,-75.2333,45.6000
2470,-69.1000,44.1000
2480,-75.4000,45.5167
2490,-75.4167,45.5333
2510,-75.6500,45.4833
2520,-75.7000,45.4333
2530,-75.7000,45.4333
2550,-73.8833,45.3167
2560,-74.2000,45.2500
2570,-74.2500,45.2500
2590,-74.3667,45.1333
2600,-74.5000,45.1333
2620,-74.7333,45.0167
2670,-75.3833,44.7833
2680,-75.4667,44.7333
2700,-75.6667,44.5833
2710,-97.0500,28.0167
2720,-76.1667,44.3333
2730,-76.4333,44.2000
2740,167.9500,-29.0667
2770,-75.5000,44.7000
2790,-75.9167,44.3333
2800,-76.0500,44.2333
2830,-76.7333,44.2000
2880,174.0167,-41.2833
2930,-77.4000,44.1500
2940,-74.7667,40.2000
2960,-78.1667,43.9500
2970,-82.7000,43.9500
2975,-73.2000,45.8833
2980,-78.8167,43.8667
2990,-78.9333,43.8500
3000,-79.3833,43.6167
3010,-79.5833,43.5500
3015,-79.6000,43.5000
3020,-79.6667,43.4333
3030,-79.7167,43.4000
3050,-163.9167,62.9000
3060,-79.2667,43.2167
3070,-79.2167,43.2333
3090,-79.2500,43.0000
3092,-79.7167,43.0833
3095,-79.2833,43.1833
3100,-79.0667,43.2500
3110,-79.0667,43.1667
3130,-76.1333,44.0667
3150,-76.1167,43.9500
3170,-76.5167,43.4667
3190,-76.9833,43.2667
3200,-77.6000,43.2667
3220,-79.0500,43.2500
3250,-79.2500,42.8833
3260,-79.5833,42.8500
3270,-80.2000,42.7833
3310,-81.2000,42.6667
3320,-81.9000,42.2667
3330,-82.6667,41.8167
3340,-82.6833,41.7667
3350,-82.6000,42.0333
3360,-82.7333,42.0167
3380,-83.1000,42.1000
6500,-64.1500,45.0000
3420,-78.8833,43.0333
3430,-78.8833,42.8833
3440,-79.3333,42.4833
3450,-80.1000,42.1500
3460,-80.5500,41.9667
3470,-80.8000,41.9000
3480,-81.3000,41.7667
3490,-81.7167,41.5000
3500,-82.1833,41.4667
3510,-82.3667,41.4333
3520,-82.5500,41.4000
3530,-82.7167,41.4500
3540,-82.9333,41.5167
3550,-82.8167,41.6500
16830,123.6333,10.3667
3570,-83.3333,41.8833
8160,-74.7667,40.2000
3590,-83.1500,42.2000
3610,-83.1167,42.2833
3620,-83.0333,42.3333
3650,-82.5167,42.6167
3660,-82.4833,42.7167
3670,-82.4667,42.8167
3700,-82.4167,42.9833
3710,-82.4167,43.0000
3730,-81.7333,43.7500
3750,-81.4000,44.4333
3760,-1.4000,50.9000
3770,-6.0667,56.6167
3790,-81.2500,44.9833
3810,-81.1333,44.7500
3860,-80.9333,44.5833
3880,-80.6000,44.6167
3890,-80.4500,44.5667
3900,172.6667,-40.6833
3930,-79.9333,44.7667
3940,-79.9167,44.7500
3950,-79.8500,44.7500
3960,-79.8000,44.7500
3970,-79.8167,44.7500
3980,-79.7167,44.7667
4000,-79.7167,44.8000
4020,-80.1000,45.3167
4030,-80.0333,45.3333
4050,-80.5667,45.7667
4060,-80.7500,45.8833
4080,-81.5167,45.9667
4120,-81.8000,45.7500
4130,-81.9167,45.9000
4140,-81.9333,45.9833
4150,-82.1667,45.8667
4160,-82.2500,45.9167
4170,-82.4667,45.9167
4180,-83.1167,45.9333
4200,-82.9500,46.1833
4210,-83.3167,45.9500
4220,-83.5667,46.2500
4230,-83.7833,46.2833
4240,-83.8833,46.2500
4250,-83.9167,46.3333
4270,-84.0333,46.3000
4290,-84.3500,46.5000
4320,-82.5167,42.6167
4330,-82.5000,42.7167
4340,-82.4833,42.8167
4350,-82.4333,43.0000
4370,-82.6500,43.8500
4380,-82.7000,43.9500
17050,-124.0667,46.8667
4410,-83.9333,43.4333
4420,-83.5500,44.1833
4430,-83.5000,44.2667
4450,-83.3167,44.4000
4460,-83.3167,44.4167
4470,-83.4167,45.0667
9290,-97.0500,28.0167
4490,-83.7833,45.4167
4500,-83.8167,45.4500
4510,-84.4667,45.6500
4520,-84.7167,45.7833
4530,-84.6167,45.8500
4540,-84.7167,45.8500
4560,-84.3500,46.5000
4580,-85.5167,45.7333
4590,-84.9833,45.4333
4600,-84.9667,45.3667
4610,-85.2667,45.3167
4620,-85.6167,44.7667
4630,-85.7667,45.0167
4640,-86.2500,44.6333
4650,-86.3167,44.2500
4670,-86.4500,43.9500
4680,-86.3500,43.3833
4690,-86.2667,43.2333
4700,-86.2333,43.0667
4710,-86.1333,42.7833
4720,-86.2000,42.6667
4730,-86.2833,42.4000
4740,-86.4833,42.1167
4750,-86.9000,41.7333
4760,-87.3333,41.6167
4770,-87.4167,41.6333
4780,-87.4333,41.6667
4790,-87.5167,41.7333
4800,-87.6000,41.8833
4810,-87.6833,42.0833
4820,-87.8333,42.3000
4830,-87.8167,42.3667
4840,-87.8167,42.5833
4850,-87.7833,42.7333
4860,-87.8833,43.0333
4870,-87.8667,43.3833
4880,-87.7000,43.7500
4890,-87.6500,44.1000
4900,-87.5667,44.1500
4910,-87.5000,44.4667
4920,-87.4333,44.6000
4930,-87.3833,44.8333
4940,-88.0167,44.5167
4950,-88.0667,44.4500
4960,-88.2667,44.2833
5010,-87.8333,44.9000
5020,-87.6000,45.0833
5030,-87.6000,45.1000
5050,-87.0500,45.7667
5060,151.2500,-23.8500
5070,-86.6667,45.8333
5100,-86.2500,45.9500
5110,-85.8667,45.9667
5130,-84.5000,46.7333
5140,-84.6000,46.9167
5150,-84.9667,47.5667
5160,-84.9000,47.9667
5170,-85.8000,47.7000
5180,-86.3167,48.6500
5210,-89.2333,48.4000
5480,-90.3333,47.7500
5270,-86.6500,46.4167
5280,-87.3833,46.5333
5290,-87.3833,46.5667
5310,-88.4667,46.7667
5320,-88.4833,46.7833
5350,-87.8667,47.4667
5360,-88.1667,47.4667
5370,-88.5667,47.1167
5380,-89.3333,46.8833
5390,-90.8667,46.6000
5400,-90.8833,46.6667
5410,-90.8167,46.8000
5420,-90.7833,46.7833
5430,-91.1000,46.8667
5440,-91.3833,46.7833
5450,-92.0667,46.7333
5460,-92.1000,46.7667
5470,-91.6500,47.0167
5490,-89.1500,47.9167
5510,-64.4833,48.8333
5520,-64.3833,48.7667
5540,-64.6667,48.3667
5560,-66.3667,48.0667
5600,-64.9333,47.8000
5620,-64.7000,47.7500
5680,-64.5500,46.2167
5710,-64.0667,46.8000
5730,-62.2500,46.3500
5740,-14.4167,-7.9333
5750,-63.1333,46.2333
5770,-63.7833,46.4000
5800,-62.7167,45.6667
5870,-61.3667,45.6167
5880,-61.4000,45.6500
5920,-61.0000,46.6333
5960,-61.1333,45.9667
5970,-60.7833,45.9500
5980,-60.3000,46.2500
5990,-60.2500,46.2167
6000,151.2000,-33.8667
6020,-59.9667,45.9167
6050,-61.0167,45.5167
6080,-61.5000,45.4000
6100,-61.0000,45.3333
6110,-61.1833,45.2333
6170,-61.6500,45.1833
6190,-61.7167,45.2167
6220,-61.9167,45.0667
6330,-63.1500,44.7833
6340,-63.5833,44.6500
6350,-63.6000,44.4667
6390,-64.3167,44.3833
6410,-64.6500,44.0333
6420,-65.1167,43.7000
6460,-66.1167,43.8333
6470,-65.7667,44.6167
6480,-65.5167,44.7500
6545,-65.9833,45.2000
6550,-66.0500,45.2667
6575,-67.1333,45.1500
6600,-66.9833,44.9000
6610,-66.9833,44.8667
6620,-67.4000,44.7000
6630,-67.4667,44.7167
6640,-67.6167,44.5333
6650,-67.8667,44.5167
6660,-67.8833,44.5333
6670,-67.9667,44.4000
6680,-68.0833,44.3833
6690,-68.1833,44.4667
6700,-68.2000,44.3833
6710,-68.2833,44.3000
6720,-68.3167,44.2833
6730,-68.3333,44.3667
6740,-68.3667,44.1167
6750,-68.4500,44.1500
6760,-68.4500,44.1333
6770,-68.3500,44.2333
6780,-68.4167,44.5500
6790,-68.5833,44.2667
6800,-68.7333,44.3333
7470,-71.9000,41.3333
6820,-68.8833,43.8333
6830,-68.8833,43.8667
6840,-68.8333,44.0500
6850,-68.8667,44.1333
6860,-68.7333,44.3833
6870,-68.8167,44.5167
6880,-68.7833,44.5667
6890,-68.8500,44.6333
6900,-5.6667,54.6500
6910,-68.9167,44.4500
6920,-5.9000,54.6167
8130,-75.1333,39.9500
6960,-69.1000,44.1000
6970,-69.3167,43.7667
6980,-69.2500,43.9167
6990,-69.1833,44.0667
7000,-69.3333,43.9667
7010,-69.4833,43.8667
7020,-69.5333,43.8667
7030,-69.5500,43.8667
7040,-69.5833,43.8667
7070,-69.7333,43.8500
7080,-69.8167,43.9167
16795,-124.1000,43.7167
7120,15.2333,37.2167
7130,-69.9000,43.7833
7140,-70.0167,43.7333
16940,141.6000,-38.3333
7160,-70.4500,43.5000
7170,-70.4667,43.3667
8290,-61.4667,15.5667
7190,-70.8667,42.8167
8120,-75.1333,39.9000
7220,-70.8833,42.5333
7225,-70.8833,42.5167
7230,-70.8500,42.5000
7240,-70.9500,42.4500
7250,-0.0167,52.9667
7260,-70.9667,42.2500
7270,-70.7167,42.2000
8350,-4.1500,50.3667
7290,-70.1833,42.0500
7310,-70.2833,41.6500
7315,-70.3000,41.6333
7320,-77.6500,18.4833
7330,-70.1000,41.2833
7340,-70.5000,41.3833
7350,-70.6000,41.4500
7360,-70.6667,41.5167
7370,-70.9167,41.6333
16820,-2.9833,51.5500
7400,-71.1667,41.7000
7405,-71.2167,41.6333
8150,-2.6333,51.4667
7420,-71.4000,41.8000
7430,-71.4000,41.5833
7440,-71.4000,41.6167
7450,-71.9333,41.0667
7460,-72.3667,41.1000
7480,-71.9833,41.3167
7490,-71.9667,41.3500
7500,-72.0833,41.3500
7510,-72.0833,41.5167
7520,-72.3833,41.3500
7550,-72.9167,41.2333
7560,-73.0833,40.9500
7570,-73.1833,41.1667
8480,-78.0167,33.9167
7590,-73.4167,41.1000
7600,-73.5500,41.0333
7610,-73.6167,41.0167
7620,-73.6667,41.0000
7625,-73.7833,40.8500
7630,-74.0167,40.6667
7640,-74.0167,40.7000
7641,-73.0167,40.7500
7650,-73.9000,40.9333
7660,-74.0000,41.5000
7670,-73.9500,41.7000
7680,167.9500,-29.0667
7690,-73.8500,42.2167
7720,117.8833,-35.0333
7730,-73.7500,42.6500
7740,-73.7000,42.7333
7750,-73.9833,40.8167
7760,-74.0167,40.7667
7770,-74.0167,40.7500
7780,-74.0333,40.7167
7790,-1.4667,43.5000
7810,-74.1500,40.7000
7820,-74.1833,40.6500
7830,-74.0667,40.6333
7840,-74.0667,40.6333
7850,-74.1333,40.6500
7860,-74.1667,40.6333
7870,-74.2000,40.6333
7890,-74.2500,40.5500
7895,-74.2000,40.6333
7900,-74.2000,40.6167
7910,-74.2167,40.5833
7920,-74.2167,40.5667
7930,-74.2333,40.5667
7940,-74.2500,40.5500
7950,-74.2500,40.5333
7960,-74.2667,40.5000
7970,-74.3667,40.4667
7980,-74.2667,40.4833
7990,-74.0667,40.4333
8000,-74.1000,39.7667
8020,-74.4167,39.3667
8025,-75.4833,39.6667
8030,-75.5667,39.6500
8040,-75.5167,39.7000
8470,-77.9500,34.2333
8070,-75.4167,39.8167
8080,-75.3500,39.8500
8110,-75.1333,39.9500
8115,-75.2500,39.8500
8140,-74.8667,40.0833
8170,-75.0833,38.3333
8180,-76.0167,37.2667
8190,-75.6000,38.3667
8200,-76.0833,39.5333
8210,-76.5833,39.2667
8225,-76.4833,38.9833
8227,-76.4500,38.3167
8230,-77.0333,38.8667
8240,-77.0333,38.8000
8245,-76.5333,38.1333
8250,-76.5000,37.2333
8260,-76.8000,37.5333
8270,-77.4500,38.3000
8280,-76.3000,36.8500
8300,-76.4333,36.9667
8318,-77.4167,37.4500
8320,-77.4167,37.5333
8325,-76.2167,36.3000
8330,-76.4667,36.1833
8340,-76.6167,36.0500
8370,-76.2500,35.9167
8380,-76.6167,35.6167
8390,-77.0500,35.5500
8400,-76.7667,35.1500
8410,-77.0500,35.1000
8520,-80.6667,32.0333
8430,-76.7000,34.7167
8440,-77.1333,34.6833
8460,-77.8167,34.2167
8490,-14.4167,-7.9333
8500,-79.9167,32.7833
8510,-80.6833,32.3667
8530,-81.0833,32.0833
8540,-81.4333,31.3667
8550,-81.5000,31.1500
8560,-81.4667,30.6833
8570,-81.4333,30.4000
8580,-81.6500,30.3167
8590,-81.3167,29.9000
8595,-80.6167,28.7000
8600,-80.3167,27.4667
8610,-80.0500,26.7667
8630,-80.1167,26.1000
8640,-80.1833,25.7833
8660,-81.8167,24.5500
8665,-82.3333,26.7000
8667,-82.5667,27.6333
8670,-82.4500,27.9167
8680,-82.6167,27.7667
8700,-82.7667,28.1500
8720,-84.6667,29.8500
8730,-84.9833,29.7167
8740,-85.3167,29.8167
8750,-85.6500,30.1333
8760,-87.2167,30.4000
8770,-88.1167,30.6833
8780,-88.5667,30.3500
8790,-88.8833,30.3833
8800,-89.0833,30.3500
8810,-89.7833,30.2667
8820,-90.1500,30.4000
8822,-90.7000,28.4500
8830,-89.6833,29.4833
8850,-90.0667,29.9167
8860,-90.0500,29.9500
8870,-90.1667,35.0667
8890,-90.2000,38.7167
8893,-90.9333,29.9833
8895,-90.8333,30.0167
8920,-90.3167,29.9500
8930,-90.5500,30.0500
8940,-90.3667,29.9500
8970,-91.1833,30.4500
8980,-90.0167,28.8833
8990,-90.0000,29.2333
9000,-91.2167,29.7000
9030,-93.3167,30.1333
9040,-93.2500,30.2167
9050,-93.8667,29.7167
9060,-93.9000,29.7333
9070,-93.7333,30.0833
9080,-93.9667,29.8333
9100,-93.9500,30.0000
9140,-94.0833,30.0833
9150,-94.7833,29.3167
9160,-94.9167,29.3833
9170,-95.0167,29.7333
9210,-95.2000,29.7333
9220,-95.2167,29.7167
9230,-95.2333,29.7167
9235,-95.3333,29.7500
9240,-95.2833,29.7500
9250,-78.7833,26.5167
9260,-96.2167,28.6833
9270,-96.6167,28.6167
9280,-96.4000,28.4500
9300,-97.4000,27.8167
9310,-97.0500,27.8333
9320,-97.1833,27.8167
9330,-97.2000,26.0833
9340,-97.4000,25.9500
9355,-97.8500,22.4833
9360,-97.8667,22.2167
9370,-97.4000,20.9500
9380,-96.1333,19.2000
9395,-91.9833,20.1667
9405,-94.4167,18.1500
9410,-94.4167,18.0667
9420,-94.5833,17.9000
9425,-93.2167,18.4333
9440,-92.6500,18.5333
9490,-91.8667,18.6333
9500,-90.5500,19.8500
9510,-89.6667,21.2833
9550,-86.9667,20.5000
9590,-88.1833,17.5000
9620,-88.6000,15.7333
9625,-88.6167,15.7000
9650,-87.9500,15.8333
9660,-87.4500,15.7833
9665,-86.9000,16.0833
9670,-86.8000,15.7833
9675,-86.5500,16.3167
9680,-85.9500,15.9167
9690,-85.9833,16.0000
9760,-83.3833,14.0167
9769,-83.7000,12.0000
9770,-83.7500,12.0167
9805,-83.0833,10.0000
9810,-83.0167,9.9833
9825,-82.1167,8.9500
9830,-82.4000,9.3000
9840,-82.2333,9.3333
9860,-79.9167,9.3500
9865,-79.8833,9.3667
9875,-79.8167,9.4000
9940,-61.7500,12.0500
9950,-64.8333,32.3167
9960,-163.9167,62.9000
9985,-78.7833,26.5167
9987,-78.2167,26.6167
9990,-77.3500,25.0833
9995,-77.5500,25.0000
10006,-74.5333,24.0500
10010,-73.6833,20.9500
10020,-71.1500,21.4333
10025,-71.5333,21.5000
10080,-82.9667,23.0000
10090,-82.7500,22.9833
10100,-82.3667,23.1333
10110,-81.5500,23.0500
10120,-81.2000,23.0500
10130,-80.0000,22.9500
10150,-77.2667,21.5500
10158,-76.8167,21.3667
10160,-76.5333,21.2833
10230,-75.7333,20.8333
10250,-75.6000,20.7333
10260,-75.5500,20.7167
10270,-75.3333,20.6833
10280,-74.9000,20.6667
10320,-75.1333,19.9833
10370,-75.8333,20.0167
10420,-77.4333,20.1500
10430,-77.3167,20.2167
10460,-104.3167,19.0500
10470,-77.6167,20.7000
10500,-78.8500,21.6167
10520,-79.5500,21.6333
10530,-79.9833,21.7500
10540,-80.4500,22.1500
10550,-82.8000,21.9167
10580,-14.4167,-7.9333
10585,-79.7500,19.7500
10600,-78.1667,18.4500
10610,-77.9333,18.4667
10620,-77.6500,18.4833
10630,-77.4667,18.4667
10660,-77.1167,18.4167
10710,-76.4500,18.1833
10770,167.9500,-29.0667
10772,-77.1333,17.8833
10773,-77.1500,17.8167
10775,-77.6000,17.8667
10800,-78.1333,18.2000
10820,-72.5333,18.2333
10860,-73.0833,18.4500
10870,-72.8667,18.4333
10880,-72.3500,18.5500
10930,-72.2000,19.7667
10960,-71.7500,19.7000
10980,-70.7000,19.8000
11000,-69.3333,19.2000
11005,-69.4500,19.2000
11010,-69.6167,19.2333
11020,-68.9667,18.4167
11030,-69.3167,18.4500
11035,-69.6333,18.4333
11040,-69.8833,18.4667
11045,-70.0167,18.4167
11048,-70.2000,18.2000
11050,-70.5167,18.2167
11060,-70.8333,18.3500
11070,-71.0833,18.2000
11075,-71.6500,17.9167
11090,-67.1500,18.4333
11100,-66.7000,18.4833
11110,-66.1167,18.4667
11160,-65.6333,18.3333
11170,-65.6333,18.2333
11190,-65.7500,18.1667
11205,-65.8333,18.0500
11230,-66.0667,17.9667
11240,-66.1833,17.9500
11250,-66.1667,17.9500
11260,-66.6167,17.9833
11270,-66.7667,18.0167
11280,-66.9167,17.9667
11290,-67.1500,18.2000
11310,-64.9333,18.3500
11320,-64.8000,18.3333
11330,-64.8833,17.7167
11335,-64.7500,17.7000
11336,-64.7667,17.7000
11340,-64.7000,17.7500
11350,-64.6167,18.4167
11360,-63.0833,18.0667
11370,-63.0500,18.0167
11372,-63.0833,18.0167
11380,-62.8500,17.9000
11390,-62.9833,17.4833
11400,-62.7167,17.3000
11410,-4.7500,50.3333
11430,-61.8500,17.1167
11450,-61.5333,16.2333
11460,-61.7333,16.0000
11470,57.5000,-20.1500
11520,-61.4000,15.3000
11530,-61.4667,15.5667
11550,-61.0667,14.6000
11620,-60.9667,13.7167
11625,-61.0167,13.9833
11630,-61.0000,14.0167
11640,-61.2333,13.1500
11670,-61.7500,12.0500
11690,-59.6333,13.1000
11700,-0.4000,54.2833
11710,-61.6500,10.6833
11718,-61.5833,10.6833
11720,-61.5167,10.6500
11725,-61.4833,10.3833
11730,-61.4667,10.3167
11750,-61.5000,10.4000
11760,-61.6333,10.2500
11770,-61.7000,10.2000
11772,-60.9833,10.1333
11780,-68.2833,12.1500
11781,-68.3833,12.2167
11782,-68.2833,12.0833
11800,-68.8667,12.0667
11810,-68.9333,12.1167
11820,-69.0333,12.1833
11821,-69.0167,12.1333
11830,-69.9167,12.4333
11840,-70.0333,12.5167
11880,-76.7333,8.0833
11900,-75.6833,9.4167
11901,-75.7333,9.5000
11905,-75.5167,10.3167
11908,-75.5333,10.4000
11910,-0.9833,37.5833
11930,-74.7667,10.9667
11934,-74.2167,11.1500
11935,-74.2500,11.1500
11940,-74.2167,11.2500
11946,-80.0000,-3.2667
11960,-71.6000,10.6333
11980,-60.7333,-32.7500
12025,-71.4667,10.3667
12032,-71.5833,10.7833
12034,-71.6333,10.5167
12035,-71.5667,10.7667
12037,-71.5333,10.7667
12050,-70.2333,11.6333
12060,-70.2167,11.7000
12070,-70.2333,11.7500
12090,-69.3500,11.4833
12100,-68.2667,10.9167
12115,-68.1167,10.4833
12117,-68.0333,10.4833
12120,-68.0000,10.4833
12130,-67.9833,10.4833
12145,-67.0167,10.6000
12341,-67.1167,10.6333
12180,-64.8500,10.1000
12185,-64.6333,10.2500
12200,-64.5833,10.2500
12210,-64.5667,10.2333
12220,-64.1833,10.4667
12230,-64.1000,10.9000
12260,-63.2500,10.7000
12270,-62.3000,10.5667
12275,-62.1000,10.6333
12280,-63.0333,10.1500
12330,-62.6833,8.3667
12335,-62.7167,8.3500
12340,-63.5500,8.1333
12370,-14.4167,-7.9333
12380,-58.3000,6.0000
12390,-57.5167,6.2500
12405,-57.0000,5.9500
12410,-55.1500,5.8167
12415,-55.1000,5.6167
12420,-54.4167,5.6333
12455,-52.2667,4.8500
12485,-51.1833,-0.0500
12490,-48.5000,-1.4500
12491,-48.7500,-1.5500
12500,-49.5000,-2.2500
12510,-54.7167,-2.4167
12540,-58.4500,-3.1500
12560,-60.0167,-3.1333
12570,-73.2333,-3.7500
12585,-44.3667,-2.5667
12600,-42.2833,-2.7333
12630,-40.8333,-2.9000
12650,-38.4833,-3.7167
12661,-36.2833,-4.8667
12690,-35.2000,-5.7833
12710,-34.8333,-6.9667
12730,-34.8667,-8.0500
12740,-34.9667,-8.4000
12750,-35.7333,-9.6667
12760,-37.0500,-10.9167
12770,-38.5167,-12.9667
12772,-38.5000,-12.8000
12775,-38.6333,-12.7500
12810,-39.0167,-14.7833
12820,-40.0500,-19.8500
12850,-40.3333,-20.3167
12855,-40.2500,-20.2833
12857,122.6833,7.7833
12890,-41.7667,-22.3667
12910,-42.0167,-22.9667
12920,-43.1667,-22.9000
12935,-44.0167,-23.0000
12940,-44.3167,-23.0167
12950,-44.2167,-23.0500
12960,-45.4000,-23.8000
12970,-46.3000,-23.9500
12980,-48.5167,-25.5000
13000,-48.6333,-26.2500
13020,-48.6333,-26.9167
13040,-48.6833,-28.2333
13050,-48.8000,-28.5000
13055,-50.1333,-29.9833
13060,-67.6833,-53.7833
13070,-52.3333,-31.7833
13080,-51.2333,-30.0333
13100,-54.1500,-34.6500
13115,-54.7000,-34.9500
13120,-56.2167,-34.9000
13130,-57.4500,-34.4333
13140,-57.8500,-34.4667
13150,-58.4167,-33.8833
13160,-58.3167,-33.1167
13170,-58.0667,-32.3167
13250,-57.6833,-25.2667
13560,-60.7000,-31.6500
13570,-60.5333,-31.7167
13580,-60.6500,-32.0667
13600,-60.7333,-32.7167
13610,-60.7333,-32.7500
13630,-60.6333,-32.9500
13981,-60.3333,-33.3000
13650,-60.2333,-33.3333
13660,-60.0167,-33.4833
13670,-6.6167,4.7333
13690,-59.1833,-33.7500
13700,-59.0333,-34.0833
13710,-58.9667,-34.1500
13720,-58.0333,-31.4000
13730,-58.1333,-32.2167
13740,-58.2333,-32.4833
13760,-58.3667,-34.6000
13770,-57.9333,-34.9000
13780,-57.5333,-38.0333
13790,-58.7000,-38.6000
13800,-62.0667,-38.9333
13810,-62.1000,-38.8833
13815,-62.2667,-38.7833
13820,-62.2667,-38.8000
13830,-62.2833,-38.8000
13840,-62.3000,-38.7833
13860,-62.2333,-40.5667
13900,-65.0333,-42.7667
13920,-67.4667,-45.8667
13930,-65.9000,-47.7500
13940,-67.7167,-49.3167
13950,-68.5167,-50.0167
13960,-69.2167,-51.6167
13965,-68.5000,-53.1667
13970,-67.6833,-53.7833
13980,-68.3000,-54.8167
14000,145.2833,-40.7667
14020,-37.1500,-54.0333
14040,-36.6833,-54.1333
14060,-36.5167,-54.2667
14075,-67.6000,-54.9333
14080,-69.5500,-52.4667
14090,-70.2000,-52.6333
14095,-70.1000,-52.9000
14100,-70.9000,-53.1667
14110,-70.9667,-53.3833
14130,-70.9167,-53.6333
14140,-70.4500,-53.8500
14150,-70.1500,-53.8833
14175,-71.9000,-52.6833
14190,-72.5667,-51.7167
14197,-72.8333,-45.4667
14220,-73.7667,-42.4833
14250,-73.4833,-42.1500
14270,-72.9667,-41.4833
14330,-73.4333,-39.8667
14340,-73.2500,-39.8000
14380,-73.1500,-37.1000
14400,-73.1667,-37.0333
14415,-73.1667,-36.7333
14420,-73.1000,-36.7000
14425,-72.9833,-36.7167
14440,-73.0000,-36.7167
14500,-71.6167,-33.0333
14510,-71.5333,-32.7667
14560,-71.3667,-29.9667
14570,-71.3333,-29.9500
14610,-71.2500,-28.4667
14630,-84.7167,9.9167
14635,-70.8667,-27.0833
14640,-70.6500,-26.3500
14650,-70.4833,-25.4000
14660,-70.4167,-23.6500
14670,-70.4667,-23.1000
14671,-70.2000,-20.7333
14720,-70.2333,-22.0833
14760,-70.1667,-20.2000
14800,-70.3333,-18.4667
14840,-71.3667,-17.6333
14860,-72.1167,-17.0000
14895,-75.2333,-15.2500
14940,-77.0000,-12.1667
14950,-77.1500,-12.0500
14955,-77.1333,-11.9333
14960,-77.1833,-11.7500
14970,-77.2500,-11.5833
14980,-77.6167,-11.1167
14990,-77.7500,-10.8000
15000,-78.1667,-10.1000
15030,-78.6167,-9.0833
15050,-78.9833,-8.2333
15110,-79.9333,-6.8333
15140,-81.0500,-5.8333
15170,-81.1167,-5.0833
15190,-81.2833,-4.5833
15200,-81.2833,-4.4500
15210,-81.2333,-4.2500
15250,-80.0000,-3.2667
15270,-79.8833,-2.2000
15275,-79.9000,-2.2833
15290,-80.9167,-2.2167
15310,-80.7167,-0.9500
15330,-79.6500,1.0000
15360,-78.7500,1.8167
15370,-77.0667,3.8833
15410,-79.5667,8.9500
15423,-79.6667,8.8667
15427,-82.8667,8.2167
15445,-82.4333,8.3500
15460,-82.8500,8.2667
15480,-83.1667,8.6333
15490,-84.1667,9.4333
15500,-84.7167,9.9167
15510,-84.8333,9.9833
15545,-86.7667,12.1833
15550,-87.1667,12.4833
15570,-87.4500,13.4000
15600,-87.8333,13.3333
15640,-89.8333,13.5833
15645,-89.8667,13.5833
15660,-90.8000,13.9167
15710,-92.4500,14.7000
15730,-95.2000,16.1667
15760,-99.9333,16.8500
15765,-102.1667,17.9333
15770,-104.3167,19.0500
15790,-105.2667,20.6167
15810,-106.4167,23.2000
15830,-109.0667,25.6000
15850,-110.9167,27.9167
15870,-112.2833,27.3333
15880,-112.1000,27.1833
15915,-110.7000,24.4000
15917,-110.3333,24.2667
15920,-110.3167,24.1667
15975,-115.1833,28.0500
15990,-116.6333,31.8667
15995,-117.1000,32.3667
16010,-117.1833,32.7167
16030,-118.5500,33.0000
16040,-118.5000,33.4500
16050,-118.3167,33.3500
16060,-117.9000,33.6167
16070,-118.1833,33.7667
16080,-118.2500,33.7500
16110,-118.4333,33.9167
16120,-119.2000,34.1500
16130,-119.6833,34.0167
16140,-119.2833,34.2833
16145,-119.5167,34.3833
16150,-119.6833,34.4167
16160,-119.9167,34.4333
16170,-120.2000,34.4667
16190,-120.6500,35.1333
16200,-120.7500,35.1667
16210,-120.8500,35.3667
16240,-121.8833,36.6167
16260,-121.7833,36.8000
16270,-122.0167,36.9667
16280,-122.2000,37.0167
16290,-122.4833,37.5000
16300,-122.4167,37.8167
16310,-122.3667,37.8167
16320,-122.2000,37.5333
16330,-122.2667,37.7833
16340,-122.3333,37.8167
16360,-122.3000,37.8667
16370,-122.3667,37.9167
16380,-122.4333,37.9667
16385,-122.4833,37.8500
16390,-122.3667,38.0167
16400,-122.2667,38.0500
16410,-122.2667,38.1000
16420,-122.2500,38.0833
16440,-122.2167,38.0500
16450,-122.1833,38.0500
16470,-122.1500,38.0500
16480,-122.1333,38.0333
16510,-121.8833,38.0333
16515,-121.8000,38.0167
16520,-121.3000,37.9500
16540,-121.7000,38.1500
16550,-121.6000,38.1667
16560,-121.5167,38.2333
16570,-121.5667,38.3333
16590,-121.5000,38.5833
16630,-123.0500,38.3333
16650,-123.8167,39.4500
16660,-124.2167,40.7167
16670,-124.1833,40.8000
16680,-124.1833,40.8167
16700,-124.2000,41.7500
16710,-124.5000,42.7333
16720,-124.4167,43.1167
16730,-124.3667,43.1500
16740,-124.2833,43.4000
16750,-124.2167,43.4000
16770,-124.2167,43.3667
16790,-124.1833,43.6833
16800,-124.1000,43.7000
16803,-124.1167,43.9667
16805,-124.1167,43.9667
16808,-124.0667,43.9833
16810,-124.0667,44.4333
16835,-124.0667,44.8000
16838,-124.0500,46.3000
16840,-123.9167,46.1667
16850,-123.8333,46.2000
16870,-123.7500,46.2000
16880,171.6000,-41.7500
16890,-122.9333,46.0833
16900,-122.9333,46.1333
16920,-122.8500,46.0167
16930,-122.8000,45.8667
16950,-123.1167,49.2833
16960,-122.4000,45.5833
16970,-122.3500,45.5833
16980,-121.1833,45.6000
17000,-124.0333,46.5000
17010,-123.7833,46.6667
17020,-123.7333,46.6833
17030,-123.7500,46.6833
17040,-124.1167,46.9167
17060,-2.0833,57.1500
17080,-123.9000,46.9667
17090,-124.6333,47.9000
17100,-124.6167,48.3667
17110,-124.3000,48.2667
17120,-123.4333,48.1167
17160,-122.7500,48.1167
17170,-122.7833,48.0833
17190,-123.1333,47.4167
17230,-122.5833,47.8500
17250,-122.6500,47.7333
17260,-122.6167,47.7000
17320,-122.5167,47.6167
17330,-122.5000,47.6167
17350,-122.5167,47.5833
17380,-122.6167,47.5667
17410,-122.7000,47.6500
17430,-122.6500,47.5667
17440,-122.6333,47.5333
17550,-122.4667,47.3833
17650,-123.1000,47.2167
17660,-122.9000,47.0500
17670,-122.7500,47.1167
17700,-122.4167,47.2833
17730,-122.3333,47.6000
17750,-122.4000,47.7833
17760,-122.4000,47.8000
17780,-122.3000,47.9500
17790,-122.2167,48.0000
17840,-122.6833,48.2333
17900,-122.9000,48.4500
17920,-123.0167,48.5333
17940,-123.1667,48.6167
17990,-122.9333,48.6000
18040,-122.6167,48.5167
18050,-122.5000,48.7500
18055,-122.7500,48.8667
18060,-122.7667,48.9833
18070,-122.7500,49.0000
18090,-123.1833,49.1333
18100,-122.9167,49.2000
18110,-122.8667,49.2167
18130,-122.7833,49.2667
18140,-122.2500,49.1167
18150,-123.1167,49.2833
18160,-122.8833,49.2833
18210,-123.1500,49.6833
18235,-123.4833,49.5167
18330,-124.5167,49.8333
18340,-124.5333,49.8667
18441,-125.2833,50.0667
18450,-124.2333,50.0167
18460,-124.9167,49.6667
18518,-124.1500,49.2667
18520,-123.9333,49.1667
18525,-123.8500,49.1333
18560,-123.7167,48.9333
18570,-123.6333,48.8667
18580,-123.6167,48.7500
18600,-123.4833,48.8500
18630,-123.2000,48.8000
18650,-123.2833,48.8000
18660,-123.3833,48.6500
18665,-123.5167,48.5500
18670,-123.3833,48.4333
18680,-123.4333,48.4333
18705,-124.4333,48.5500
18730,-124.8167,49.2333
18760,-125.5500,48.9500
18780,-125.9167,49.1500
18790,-126.0667,49.2833
18792,-126.1167,49.6833
18805,-126.6667,49.9167
18818,-127.6167,50.5333
18820,-127.4500,50.3833
18835,-127.5833,50.6000
18840,-127.4833,50.7167
18850,-127.0167,50.6333
18860,-126.9333,50.5833
18872,-127.0833,50.5833
18890,-126.7667,52.3833
18915,-128.1500,52.1667
18916,-128.5167,52.6000
18920,-128.6833,53.1667
18923,-128.1333,53.4833
18925,-128.6833,54.0000
18942,-130.2833,54.2167
18950,-130.3333,54.3167
18960,-130.4333,54.5667
18980,-130.0000,55.9333
19000,-132.1500,54.0167
19030,-132.1833,53.6833
19050,-132.0833,53.2500
19055,-131.9833,53.2167
19090,-130.0000,55.9167
19100,-130.3333,54.9500
19110,-131.5667,55.1333
19120,-131.4667,55.3833
19130,-131.6500,55.3333
19140,-131.7333,55.4000
19160,-131.8000,55.4667
19170,-131.6333,55.6000
19180,-131.8000,55.9167
19190,-132.2167,55.7667
19200,-132.4667,56.0667
19210,-132.3833,56.4667
19220,-132.4000,55.5333
19230,-132.9667,54.9500
19240,-132.8333,55.2000
19250,-133.2333,55.3000
19260,-133.1500,55.4667
19270,-133.1000,55.5500
19280,-133.6333,55.5333
19290,-133.8000,55.9667
19300,-132.9500,56.8167
19310,-133.9333,56.9667
19320,-134.3500,56.7333
19330,-134.2333,56.6000
19370,-134.7333,56.3833
19375,-134.6333,56.3833
19380,-134.6667,56.3000
19390,-134.6833,56.2500
19400,-134.6500,56.2500
19410,-135.3333,57.0500
19430,-136.1167,57.6833
19440,-136.2333,57.9667
19450,-136.3500,58.2000
19460,-135.4500,58.1167
19470,-135.2000,57.7833
19480,-134.9333,57.5167
19490,-135.0500,57.4667
19510,-134.5000,57.4000
19520,-134.7500,58.1167
19530,-134.9000,58.2500
19550,-134.2667,58.2333
19580,-134.4167,58.3000
19585,-135.4333,59.2333
19588,-135.4333,59.2333
19589,-135.4500,59.2833
19590,-135.3333,59.4500
19600,-135.4000,59.1833
19610,-135.4500,58.4167
19620,-139.7333,59.5500
19630,-144.5333,60.2000
19639,-145.7167,60.5833
19640,-145.7667,60.5500
19650,-145.6667,60.6333
19660,-146.4000,61.0833
19670,-146.2500,61.1167
19680,-148.6667,60.8333
19710,-148.0000,60.0667
19730,-148.0500,60.0667
19740,-148.0667,60.0500
19750,-148.0667,60.0500
19760,-149.4333,60.1000
19770,-151.8167,59.3500
19780,-151.7333,59.4333
19781,-151.4167,59.6000
19785,-151.4167,59.6000
19788,-151.6833,60.0500
19790,-151.2667,60.5500
19795,-151.4000,60.6833
19800,-149.9000,61.2167
19805,-152.1333,60.5500
19807,-152.5833,60.1000
19810,-152.5000,57.9167
19820,-152.4000,57.7833
19830,-152.5167,57.7167
19840,-153.1667,57.1667
19850,-153.2000,57.1500
19860,-153.5000,57.1167
19870,-154.1500,57.0000
19880,-154.2500,56.9000
19890,-154.4500,57.5667
19900,-154.0000,57.6333
19910,-153.9833,57.5333
19920,-153.3167,57.7333
19930,-153.0333,57.9333
19950,-153.0667,58.0667
19970,-152.6833,58.4500
19980,-152.6833,58.4667
19990,-152.5833,58.4833
20000,-156.0333,57.5667
20010,-158.4000,56.3000
20020,-159.4667,55.8000
20040,-160.5333,55.3333
20050,-160.5333,55.2333
20060,-160.5000,55.1833
20070,-162.0333,55.0833
20080,-162.3167,55.0500
20085,-162.7000,55.2000
20090,-162.8167,54.4833
20097,-165.8000,54.1333
20100,-166.7500,53.7000
20110,-166.9833,53.7667
20120,-166.5333,53.9000
20130,-166.5333,53.8667
20135,-174.1667,52.2333
20140,-176.6333,51.8667
20150,179.3000,51.4000
20160,177.5500,51.9667
20170,174.0667,52.7333
20175,174.0667,52.7167
20180,173.2333,52.8333
20190,-170.2667,57.1333
20200,-160.5667,55.9833
20210,-158.7000,56.8833
20220,-157.6000,57.5667
20230,-157.4167,57.5333
20240,-157.3667,58.2000
20250,-157.0167,58.7167
20270,-156.9167,58.9667
20280,-158.5667,58.8167
20290,-158.5500,58.8500
20300,-158.4833,59.0333
20305,-161.8333,59.0167
20310,-161.7167,60.8167
20320,-166.9833,60.2000
20330,-164.4667,62.7333
20340,-163.5500,63.0333
20350,-163.9167,62.9000
20360,-162.0333,63.4833
20370,-160.7833,63.8833
20390,-164.4000,64.5500
20400,-165.4167,64.5000
20410,-166.3333,65.2667
20420,-170.4000,63.6833
20425,-166.0833,66.2500
20430,-162.7333,66.0833
20450,-162.5833,66.9167
20470,-160.0000,70.6500
20480,-156.7833,71.2833
20483,-148.4167,70.3333
20486,-114.7667,68.7833
20491,-133.0000,69.4500
20492,-124.7500,70.1833
20493,-124.0833,69.3500
20494,-122.7500,69.8167
20495,-120.7500,69.6000
20496,-125.2500,71.9667
20497,-116.9333,68.9333
20498,-114.7667,68.7833
20499,-113.2667,68.4833
20500,-115.0500,67.8000
20510,-105.0667,69.1167
20520,-95.9000,74.6833
20560,14.2333,78.0667
20570,15.7000,78.2000
20580,11.9500,78.9167
20650,30.0500,69.7333
20690,29.7500,70.0667
20695,29.7333,70.6333
20700,31.1167,70.3667
20710,29.1000,70.8667
20740,27.3333,70.9500
20800,26.0000,70.9833
20910,23.9833,70.5000
20920,23.6667,70.6667
20930,21.9833,70.6333
20940,22.1333,70.5833
21120,22.3500,70.2333
21130,23.2500,69.9667
21140,22.9667,70.0500
21310,18.9667,69.6500
21380,18.0833,69.3500
21490,17.9667,69.2333
21495,17.7333,68.9167
21510,17.8333,68.8833
21610,16.5500,68.8000
21660,16.1333,69.3333
21670,15.4167,68.7000
21690,14.9167,68.5667
21820,13.1000,67.9333
21840,13.7000,68.0667
21870,13.8500,68.1167
21880,14.2167,68.1500
21900,14.5833,68.2333
21910,14.6667,68.1667
21920,14.8500,68.2333
21950,16.0000,68.4167
21970,16.2667,68.5667
22010,16.8833,68.4833
22030,17.4167,68.4333
22050,16.8500,68.3333
22120,16.0833,68.0500
22140,16.0667,68.2500
22160,15.6667,68.1833
22270,14.7667,67.5167
22290,14.3833,67.2833
22295,15.6000,67.3667
22320,15.3667,67.2500
22350,15.4167,67.1000
22520,13.7167,66.8667
22540,13.9833,66.8167
22750,12.6333,66.0167
22760,14.1333,66.3167
22790,13.6167,66.2333
22920,13.2000,65.8333
22940,12.4333,65.8333
22990,12.2000,65.4667
23020,12.2000,65.3667
23040,11.2500,64.8667
23046,11.8667,64.8000
23050,11.5000,64.4667
23053,11.2333,64.0667
23055,11.5000,64.0167
23058,11.4500,63.7833
23060,11.3000,63.7500
23070,10.9000,63.5333
23075,10.8500,63.4333
23080,10.8000,63.4167
23090,10.4000,63.4333
23095,9.8833,63.3167
23100,7.7333,63.1167
23105,8.5500,62.6833
23107,6.9167,62.9000
23108,6.9667,62.9000
23110,7.1667,62.7333
23111,7.6833,62.5667
23112,6.0333,62.3667
23115,5.6500,62.3000
23118,6.1333,62.2000
23120,6.1667,62.4667
23125,5.1167,61.9333
23130,5.0333,61.6000
23136,7.7167,61.2333
23138,5.0333,60.8167
23139,4.8500,60.6167
23140,5.7333,60.4833
23160,5.3167,60.4000
23180,5.1667,60.3500
23195,5.0167,60.4167
23220,5.6667,60.1667
23230,6.1500,60.3667
23240,6.5500,60.0833
23300,5.1167,59.7833
23310,5.4000,59.7000
23330,5.3833,59.7667
23340,5.5000,59.7833
23355,5.7667,59.8667
23440,5.2667,59.4167
23450,5.3167,59.2833
23451,5.5167,59.2667
23455,5.1500,59.5833
23460,6.3500,59.6500
23465,5.1833,59.2667
23470,5.7500,58.8500
23480,5.7500,58.9667
23485,5.2667,59.1500
23487,5.5833,58.9333
23490,6.0000,58.4500
23500,6.2667,58.3333
23505,6.5333,58.2333
23510,6.6667,58.3000
23520,6.8167,58.0833
23525,7.0333,58.0000
23530,7.4667,58.0167
23550,8.0000,58.1500
23600,8.7667,58.4667
23620,8.9333,58.6167
23630,9.2333,58.7167
23640,9.4167,58.8667
23660,9.7000,59.0667
23670,9.6667,59.1500
23680,9.6000,59.2000
23700,10.0333,59.0500
23710,10.2333,59.1167
23720,10.4167,59.2833
23730,10.5000,59.2667
23736,10.5167,59.3167
23750,10.5000,59.4167
23760,10.3000,59.4833
23770,10.4000,59.6167
23780,10.2500,59.7333
23790,10.6000,59.8167
23810,10.7500,59.9167
23817,10.6000,59.7333
23820,10.6500,59.6667
23823,10.5667,59.5500
23829,10.6833,59.4667
23830,10.6667,59.4500
23835,11.1000,59.2667
23840,10.9500,59.2000
23850,11.3833,59.1167
23870,11.1667,58.9333
23890,11.2667,58.6833
23900,11.2833,58.6000
23905,11.3333,58.4833
23910,11.3000,58.4333
23950,11.4167,58.3833
23970,11.4333,58.2667
23990,11.9167,58.3500
24000,11.8333,58.0667
24010,11.5833,57.8833
24020,11.9667,57.7000
24030,12.2500,57.1167
24040,12.5000,56.9000
24050,12.8667,56.6667
24100,12.5500,56.2000
24120,12.7000,56.0500
24180,12.8333,55.8667
24210,13.0000,55.6167
24220,12.9333,55.5833
24250,13.1500,55.3667
24260,13.8333,55.4333
24280,14.3667,55.5500
24300,14.3167,55.9333
24310,14.5833,56.0500
24370,14.8667,56.1667
24440,15.3000,56.1833
24460,15.6000,56.1667
24530,16.1000,56.3833
24570,16.3667,56.6667
24635,16.5667,57.1000
24690,16.4500,57.2667
24720,16.5000,57.3667
24790,16.4167,56.3500
24810,18.5000,57.1167
24840,18.8167,57.7000
24900,19.0500,57.9167
24940,18.8000,57.8333
24950,18.2833,57.6333
24960,18.2000,57.3833
25050,16.5333,57.7333
25060,16.6500,57.7667
25190,16.2000,58.5833
25280,17.1167,58.6667
25290,17.0167,58.7500
25320,17.6500,59.1833
25330,17.9667,58.9000
25360,18.3833,59.3167
25370,18.9167,59.2833
25380,18.0500,59.3333
25395,16.5500,59.6167
25440,18.8167,60.1000
25460,18.5833,60.0500
25480,18.4500,60.1833
25550,17.4000,60.6500
25570,17.2667,60.6833
25590,17.1667,60.6833
25610,17.1667,60.9333
25640,17.1667,61.1833
25700,17.1833,61.2667
25720,17.0833,61.3000
25760,17.0833,61.6500
25780,17.1167,61.7333
25800,17.3500,61.9000
25900,17.3833,62.3333
25910,17.3500,62.3833
26140,17.3500,62.4833
26180,17.5000,62.5000
26240,17.9333,62.6333
26280,17.8667,62.6667
26290,17.9333,62.7667
26310,17.8833,62.8333
26340,17.8833,62.8833
26380,17.8000,62.9333
26420,17.7167,62.9833
26430,17.7000,63.0000
26710,18.5833,63.1667
26720,18.7333,63.2667
26730,18.7167,63.2833
26790,9.0500,54.4833
26800,19.4500,63.5333
26810,19.4833,63.5667
26880,20.3333,63.7000
26890,20.3500,63.7000
26990,21.1000,64.2333
27080,21.2333,64.6833
27090,21.0333,64.8333
27130,21.3833,65.0167
27190,21.4833,65.3167
27220,22.1667,65.5833
27250,22.6500,65.9000
27280,23.2833,65.8000
27330,23.7667,65.7333
27400,24.1667,65.7667
27410,24.5667,65.7333
27520,25.4000,65.0167
27530,24.4167,64.6833
27535,24.6167,65.7000
27537,23.7333,64.2000
27540,23.6500,64.0000
27560,23.0167,63.8500
27570,22.6667,63.6833
27580,22.5333,63.5167
27590,22.2833,63.4167
27610,22.2333,63.2833
27650,21.5833,63.1000
27670,21.2333,62.3833
27680,21.4000,62.2833
27740,21.8000,61.4833
27750,21.4833,61.6000
27755,21.4000,61.6333
27780,21.5000,61.1333
27790,21.4000,60.8000
27805,22.0167,60.4667
27820,22.2333,60.4500
27850,25.5833,60.0333
27870,19.3333,60.2000
27920,19.9167,60.1000
27990,22.0667,60.2833
28140,22.9500,59.8167
28170,23.4333,59.9833
28180,23.5667,59.8333
28185,24.3833,60.0833
28187,23.9167,60.0167
28190,24.9667,60.1667
28210,25.6333,60.3000
28220,26.2333,60.4500
28230,26.9667,60.4667
28240,27.2000,60.5667
28300,28.7500,60.7167
28310,28.5667,60.6167
28360,28.6333,60.3667
28370,30.3000,59.9333
28390,29.7667,59.9167
28400,29.7833,59.9833
28410,28.3167,59.6667
28440,26.5333,59.5333
28480,24.7667,59.4500
28484,24.9500,59.5000
28505,24.0333,59.3500
28510,23.3667,59.3000
28550,24.5000,58.3833
28605,24.3667,57.7000
28610,24.1000,56.9500
28615,23.4333,57.0000
28620,21.5333,57.4000
28640,21.0167,56.5167
28654,20.9500,56.0333
28660,21.1167,55.7167
28680,19.9000,54.6333
28690,20.4833,54.7000
28710,18.6667,54.3500
28715,18.7167,54.4000
28720,18.6667,54.4167
28740,18.5500,54.5333
28750,14.5667,53.5667
28770,16.8500,54.5833
28790,16.4167,54.4333
28800,15.5500,54.2167
28820,14.2667,53.9167
28823,14.5500,53.4167
28828,13.7833,54.0500
28840,13.6500,54.5167
28848,13.1000,54.3167
28860,12.1333,54.1000
28870,11.4667,53.9000
28880,10.8833,53.9667
28890,10.7000,53.8833
28900,10.8167,54.1000
28912,11.0500,54.4500
28920,10.9833,54.3667
28930,10.1333,54.3167
28950,9.8333,54.4833
28955,9.9333,54.6667
29005,9.4333,54.8000
29085,15.1333,55.0667
29110,14.7000,55.1000
29120,14.7000,55.1833
29130,15.1833,55.3167
29180,12.1667,55.2167
29220,12.2000,55.4500
29230,12.6167,55.7000
29260,12.5833,55.7167
29350,12.6167,56.0333
29390,11.8500,55.9667
29410,12.0167,55.9667
29420,12.0500,55.8333
29435,11.8833,55.8167
29440,11.7167,55.7167
29455,11.8667,56.7667
29490,11.1000,55.6833
29520,11.1333,55.3333
29530,11.3000,55.2500
29545,11.2500,55.2000
29546,11.2667,55.2000
29555,11.7500,55.2333
29560,11.9000,55.0000
29580,12.0500,54.8833
29600,12.2833,54.9833
29630,11.8667,54.7667
29660,11.6333,54.8000
29670,11.5000,54.8333
29700,11.1333,54.8333
29710,11.3500,54.6500
29720,11.7333,54.6667
29760,10.7167,54.9500
29790,10.3333,54.9167
29800,10.4167,54.8833
29830,10.6167,55.0667
29860,10.8000,55.3167
29870,10.6667,55.4500
29880,10.3833,55.4167
29905,9.6167,55.5167
29910,9.7333,55.5000
29930,9.8833,55.2667
29940,10.2500,55.1000
30060,9.7833,54.9167
30095,9.8667,54.9500
30100,9.4333,55.0500
30105,9.4333,55.0167
30120,9.5000,55.2500
30160,9.5000,55.4833
30170,9.7667,55.5667
30190,9.5500,55.7167
30230,9.8500,55.8667
30260,10.2167,56.1500
30285,10.3500,56.2500
30290,10.9333,56.4167
30330,10.0500,56.4667
30340,10.1167,56.7167
30350,9.9833,56.6500
30360,9.8000,56.6333
30380,10.3167,56.9833
30400,9.9333,57.0500
30430,10.5500,57.4333
30440,10.6000,57.7167
30450,9.9667,57.6000
30455,8.6000,57.1333
30457,8.7000,56.9500
30460,8.2167,56.7000
30480,8.2833,56.5833
30500,8.5833,56.5000
30630,8.2500,56.0833
30640,8.4500,55.4667
30680,9.0500,54.4833
30695,8.8667,54.1333
30710,9.1667,53.8833
30720,9.1500,53.9000
30725,9.5167,53.9167
30730,9.6833,54.3000
30740,9.0333,53.8000
30760,9.4167,53.7833
30780,9.9333,53.5500
30785,9.5167,53.6500
30800,8.7167,53.8667
30810,8.5833,53.5333
30840,8.4833,53.4833
30850,8.4833,53.3333
30860,8.4667,53.2333
30870,8.2167,53.1167
30900,8.7667,53.1333
30910,8.1667,53.5333
30950,7.1833,53.3333
30960,7.4500,53.2333
30970,7.3833,53.1000
30985,6.8333,53.4500
30990,6.9333,53.3333
31010,5.4167,53.1833
31020,4.7833,52.9667
31040,4.5833,52.4667
31050,4.8333,52.4333
31060,4.9000,52.3667
31070,4.2667,52.1000
31080,4.1333,51.9500
31085,4.1167,51.9500
31100,4.2500,51.9167
31120,4.3500,51.9000
31130,4.4000,51.9000
31140,4.4833,51.9000
31150,4.6500,51.8167
31210,3.6000,51.4500
31215,4.0000,51.4500
31220,3.8167,51.3500
31250,4.4000,51.2167
31260,4.3500,50.8667
31270,3.7333,51.0667
31280,3.2000,51.3333
31290,3.2167,51.2333
31310,2.9167,51.2333
31320,2.7500,51.1333
31360,1.0333,51.3667
31370,0.7500,51.4500
31375,0.7000,51.4333
31376,0.7000,51.4333
31390,0.5500,51.4000
31420,0.3667,51.4500
31430,0.3333,51.4667
31470,-0.0833,51.5000
31506,0.9167,51.8833
31530,1.2833,51.9500
31550,1.1667,52.0500
31560,1.3167,51.9500
31570,1.7500,52.4833
31580,1.7333,52.6167
31600,0.1500,52.6667
31610,0.4000,52.7500
31630,-0.0167,52.9667
31640,-0.0667,53.5833
31650,-0.2000,53.6333
31660,-0.2833,53.7500
31665,-0.8833,53.7333
31668,-0.3667,53.7000
31670,-0.8333,53.7000
31680,-0.1833,54.0833
31690,-0.4000,54.2833
31700,-0.6167,54.4833
31720,-1.1333,54.6500
31740,-1.1833,54.7000
31750,-1.3167,54.8333
31760,-1.3667,54.9167
31765,-1.4000,55.0000
31820,-1.5000,55.1167
31830,-1.5833,55.3333
31860,-2.0000,55.7667
31880,-2.0833,55.8667
31890,-2.5167,56.0000
31895,-2.9667,51.5667
31930,-3.1833,55.9833
31940,-3.2167,55.9833
31945,-3.3167,56.0333
31972,-3.3667,56.0000
31980,-3.4333,56.0167
32010,-3.7167,56.0167
32030,-3.2333,56.0500
32070,-3.0000,56.1833
32170,-2.9500,56.4667
32180,-3.4500,56.4000
32200,-2.4667,56.7000
32220,-2.0833,57.1500
32230,-1.7833,57.5000
32240,-2.0000,57.6833
32250,-2.5000,57.6667
32290,-2.9667,57.6833
32300,-3.2833,57.7167
32320,-3.5000,57.7000
32330,-4.2333,57.4833
32340,-4.0333,57.6833
32350,-4.1667,57.6833
32360,-3.8333,57.8333
32370,-3.6500,58.1167
32380,-3.0833,58.4333
32410,-2.9833,59.3000
32420,-2.6000,59.2333
32430,-2.6000,59.1333
32440,-2.9667,58.9833
32450,-3.3000,58.9667
32460,-3.2000,58.8000
32470,-2.9500,58.8333
32490,-3.2000,58.8333
32500,-2.9833,58.9500
32590,-1.2833,60.1333
32600,-1.1500,60.1500
32630,-1.3000,60.4667
32676,-6.8000,61.4833
32680,-6.8000,61.5500
32690,-6.7500,62.0000
32700,-6.7333,62.1167
32702,-6.7167,62.1167
32720,-7.1667,62.1500
32730,-7.2500,62.0833
32740,-6.8000,62.2500
32750,-6.5833,62.2333
32780,-3.5500,58.6167
32820,-5.1500,57.9000
32830,-5.5833,57.8333
32850,-5.6833,57.7167
32890,-5.6500,57.3333
32900,-5.7167,57.2833
32910,-5.7333,57.2667
32920,-5.8833,57.2500
32930,-6.2000,57.4167
32950,-6.3500,57.5833
32955,-7.1667,57.6000
32980,-7.4833,56.9500
32990,-7.3000,57.1500
33020,-6.3667,58.1833
33030,-9.3667,52.5833
33060,-5.8000,57.1500
33090,-5.8167,57.0000
33140,-6.0667,56.6167
33145,-5.9833,54.0500
33160,-5.7667,56.5500
33170,-5.7000,56.4667
33190,-5.1167,56.8500
33200,-5.1167,56.8167
33210,-5.5333,56.5667
33250,-5.4667,56.4167
33280,-6.2000,55.6333
33290,-5.5667,56.0833
33300,-5.6000,55.4333
33310,-5.1167,55.5333
33340,-5.4500,56.0167
33370,-5.0500,55.8333
33390,-4.7500,55.9500
33405,-4.8333,56.1167
33450,-4.4833,55.9333
33460,-4.4667,55.9167
33470,-4.4000,55.9000
33480,-4.3833,55.8833
33490,-4.2833,55.8667
33500,-4.8667,55.8000
33515,-4.8833,55.7500
33520,-4.9167,55.7500
33530,137.9167,-34.4333
33550,-4.6833,55.5500
33560,-4.6333,55.4667
33570,-5.0333,54.9000
33577,-5.6667,54.6500
33610,-4.4667,54.1500
33620,-4.3667,54.3167
33680,-6.2500,54.1000
33690,-5.6167,54.2667
33770,-5.9000,54.6167
33780,-5.7167,54.7333
33790,-5.8000,54.8500
33820,-6.6667,55.1333
33830,-7.3167,55.0000
33880,-7.5333,55.1000
33930,-8.4500,54.6333
33950,-8.4667,54.2667
33985,-2.7833,54.0500
34020,171.6000,-41.7500
34025,-6.3000,53.7167
34060,-9.0500,53.2667
34110,-8.6167,52.6333
34130,-9.1167,52.6167
34150,-9.3667,52.5833
34160,-9.8667,52.2667
34190,-9.9167,51.6500
34196,-10.3000,51.9333
34200,-9.5000,52.6333
34260,-9.4500,51.6833
34350,-8.3000,51.8500
34360,-8.2667,51.8500
34390,-6.9500,52.3833
34400,-7.1167,52.2667
34420,-6.3333,52.2500
34480,-6.2500,53.3500
34560,-6.1333,54.0333
34590,-3.4000,54.8667
34610,-3.6333,54.5667
34630,-3.2333,54.1167
34640,-2.9167,54.0333
34648,-2.9000,53.3500
34650,-3.5500,53.5333
34660,-3.0167,53.9167
34685,118.2500,4.6833
34690,-3.0000,53.4167
34700,-2.2667,53.4833
34770,-4.6333,53.3167
34780,-4.2667,53.1500
34850,-4.9833,52.0167
34880,-5.0333,51.7167
34950,-3.9500,51.6167
34970,-3.8333,51.6333
34980,-3.8167,51.5833
34990,-3.2667,51.4000
35010,-3.1667,51.4500
35015,-2.9833,51.5500
35040,-2.4833,51.7167
35060,-2.7167,51.5000
35070,-2.6333,51.4667
35100,-3.0000,51.1333
35110,-3.3333,51.1833
35150,-4.2000,51.0333
35170,-4.9333,50.5500
35200,-5.4167,50.1833
35210,-6.3167,49.9167
35240,-5.5500,50.1000
35250,-5.5333,50.1167
35290,-5.0667,50.1500
35300,-4.7833,50.2667
35320,-4.7500,50.3333
35330,-4.7000,50.3500
35340,-4.6333,50.3333
35370,-4.1500,50.3667
35390,-3.6167,50.3500
35400,-3.5167,50.4000
35410,-3.5333,50.4667
35415,-3.5000,50.5500
35440,-2.7667,50.7167
35450,-2.4333,50.5833
35460,-2.4500,50.6167
35480,-1.9500,50.6833
35550,-1.3000,50.7667
35560,-1.5000,50.7000
35590,-1.3333,50.8167
35600,-1.1000,50.8000
35610,-0.5333,50.7833
35630,-0.2500,50.8167
35650,0.0500,50.7833
35690,0.7667,50.9333
35700,1.2000,51.0833
35710,1.3333,51.1167
35715,1.4167,51.3333
35730,2.3833,51.0500
35732,2.3500,51.0667
35740,2.1167,51.0000
35750,1.8500,50.9667
35760,1.6000,50.7333
35790,1.6167,50.1833
35800,1.3667,50.0667
35810,1.0833,49.9333
35830,0.3667,49.7667
35835,0.1500,49.6500
35850,1.0667,49.4500
35860,0.2167,49.4167
35870,0.0833,49.3667
35880,-0.3500,49.1833
35885,-0.2500,49.2833
35950,-1.6333,49.6500
35980,-2.2000,49.7333
35990,-2.5167,49.4833
36000,-2.5333,49.4500
36040,-2.1167,49.1833
36110,-1.6000,48.8333
36130,-2.0167,48.6500
36220,-2.7500,48.5333
36260,-3.0500,48.7833
36290,-3.1500,48.7000
36300,-3.2333,48.7833
36360,-3.8333,48.5833
36370,-3.9833,48.7333
36460,-4.5000,48.3833
36620,-3.9167,47.8667
36680,-3.3500,47.7500
36850,-2.2000,47.2833
36855,-2.1333,47.3000
36860,-2.0667,47.3000
36900,-1.5667,47.2000
36960,-1.8000,46.5000
37000,-1.2167,46.1667
37010,-1.1500,46.1500
37040,-0.9500,45.9333
37050,-0.9000,45.9333
37120,-1.0500,45.5500
37150,-0.7500,45.2000
37160,-0.6667,45.1333
37170,-0.5333,45.0167
37190,-0.5667,44.8667
37230,-1.4667,43.5000
37290,-1.9333,43.3333
37350,-2.7167,43.4167
37400,-3.0500,43.3500
37470,-3.7833,43.4667
37560,-5.6667,43.5500
37600,-5.9333,43.6000
37670,-7.0333,43.5333
37690,-7.4333,43.7000
37740,-8.2333,43.4833
37770,-8.4000,43.3667
37830,-8.7667,42.6000
37860,-8.7000,42.4000
37900,-8.7167,42.2333
37940,-8.8333,41.7000
37950,-8.7000,41.1833
37960,-8.6667,41.1500
37970,-8.6500,40.6500
37980,-8.8500,40.1500
37990,-9.1667,38.7000
38000,-8.9000,38.5167
38005,-8.8667,37.9500
38010,3.4000,6.4000
38030,-7.9333,37.0333
38050,-7.4000,37.1833
38080,-28.6333,38.5333
38083,-28.2667,38.4000
38090,-27.2167,38.6500
38095,-27.0500,38.7167
38100,-25.6667,37.7333
38110,-25.1500,36.9333
38130,-16.9167,32.6333
38150,-17.7500,28.6833
38160,-16.2333,28.4667
38170,-15.4167,28.1500
38180,-13.8500,28.5000
38190,-13.5333,28.9500
38220,-6.9500,37.2500
38270,-6.0000,37.3667
38280,145.1500,14.1333
38290,-6.3000,36.5333
38310,-5.4333,36.1333
38330,-5.3500,36.1333
38370,-4.4167,36.7167
38375,-3.5167,36.7500
38380,-3.0333,36.7333
38390,-2.4667,36.8333
38395,-1.8833,37.0000
38398,-1.8167,37.1833
38410,-1.5667,37.4000
38420,-1.5500,37.4000
38430,-0.9833,37.5833
38433,-0.6500,37.6500
38435,-0.6833,37.9667
38440,-0.4833,38.3333
38460,-0.1500,39.0000
38480,-0.3167,39.4500
38490,-0.2167,39.6500
38495,-0.0500,39.8833
38500,0.0167,39.9667
38505,0.0000,0.0000
38540,1.2333,41.1000
38543,1.7333,41.2333
38550,2.1667,41.3500
38570,3.0333,41.7833
38580,3.1167,41.8333
38585,3.1833,41.8667
38590,3.1833,42.2667
38610,1.4500,38.9000
38630,2.6333,39.5667
38670,3.1333,39.8333
38690,4.2667,39.8833
38720,3.1167,42.5167
38730,3.0667,43.0167
38750,3.7000,43.4000
38770,4.8167,43.3833
38775,4.8833,43.4167
38780,4.9833,43.4000
38810,5.3667,43.3167
38870,5.9167,43.1000
38920,6.6333,43.2667
38940,6.7667,43.4167
38960,7.0167,43.5500
38980,7.1333,43.5833
38990,7.2833,43.7000
39000,7.3167,43.7000
39025,7.4167,43.7333
39060,9.4500,42.7000
39070,9.2833,41.5833
39080,9.1667,41.3833
39090,8.9000,41.6833
39100,8.7500,41.9167
39110,8.7500,42.5667
39120,8.9333,42.6333
39140,9.4167,41.2000
39180,9.5000,40.9167
39190,9.7000,39.9333
39210,9.1167,39.2167
39215,9.0333,39.0833
39220,8.4667,39.0500
39250,8.3167,39.1500
39260,8.4000,39.2000
39261,8.5500,39.8667
39310,8.4000,40.8333
39360,7.7833,43.8167
39370,8.0333,43.8833
39420,8.4333,44.2667
39440,8.5000,44.3167
39460,8.5500,39.8667
39470,8.9333,44.4000
39520,9.8333,44.1000
39550,10.0333,44.0333
39590,10.3167,43.5500
39610,10.4500,43.3500
39720,10.3333,42.8167
39740,10.5500,42.9333
39790,11.1167,42.4333
39810,11.7833,42.1000
39820,12.2333,41.7667
39830,12.6333,41.4500
39860,13.5833,41.2000
39940,14.1167,40.8167
39950,14.1667,40.8167
39960,14.2667,40.8500
39990,14.4500,40.7500
40000,14.4833,40.7000
40040,14.7500,40.6667
40060,16.1333,38.7167
40080,15.6500,38.1167
40100,15.5667,38.2000
40110,15.2500,38.2167
40115,15.9000,38.4167
40120,13.7000,37.9833
40130,13.3667,38.1333
40150,12.5000,38.0167
40170,12.4333,37.7833
40180,12.5833,37.6500
40200,13.5333,37.2833
40210,13.9333,37.1000
40220,14.2500,37.0667
40230,14.8500,36.7167
40240,15.2833,37.0500
40245,15.2500,37.1167
40250,15.2333,37.2167
40270,15.1000,37.5000
40300,14.9667,38.4833
40330,14.5167,35.9000
40340,14.5500,35.8167
40440,17.1333,39.0833
40470,17.2000,40.4667
40480,17.9833,40.0500
40490,18.5000,40.1500
40500,17.9833,40.6500
40505,14.3667,40.7833
40510,17.3000,40.9500
40530,16.8667,41.1333
40550,16.6000,41.2167
40580,16.2833,41.3167
40590,15.9167,41.6167
40615,14.7167,42.1167
40620,14.4167,42.3500
40630,14.2167,42.4667
40660,13.5000,43.6167
40720,12.2833,44.5000
40745,12.3000,45.2333
40750,12.3167,45.3333
40760,12.4333,45.4167
40790,13.5500,45.7833
40820,13.7667,45.6500
40830,13.7667,45.6000
40860,13.7333,45.5500
40870,13.5667,45.5333
40880,13.5167,45.4333
40940,13.6333,45.0833
40960,13.8000,44.8833
40980,14.0667,45.0500
40985,14.0500,45.0333
41010,14.4333,45.3333
41030,14.5333,45.3000
41045,14.5500,45.2167
41090,14.9000,44.9833
41220,15.2167,44.1167
41290,15.8833,43.7333
41320,16.4333,43.5000
41350,16.6500,43.4500
41410,17.4333,43.0500
41415,17.6000,42.9167
41420,17.1333,42.9333
41550,18.0833,42.6667
41590,18.7000,42.5167
41610,18.7667,42.4167
41620,18.7000,42.4333
41640,19.0833,42.0833
41660,19.6000,41.8167
41670,19.4500,41.3167
41690,19.5000,40.4667
41720,19.9333,39.6167
41730,20.7500,38.9500
41790,20.5167,38.1833
41800,21.4167,38.3667
41820,22.4167,38.4333
41840,22.0833,38.2500
41850,21.7333,38.2500
41880,21.3167,37.6500
41910,21.6667,36.9000
41940,22.1167,37.0167
41950,22.5667,36.7500
42050,22.8000,37.5667
42070,23.1667,37.2667
42120,24.0667,37.7000
42160,23.4000,37.9667
43155,25.7167,35.2000
42200,23.5500,38.0333
42205,23.3833,37.9667
42210,23.5667,37.9667
42230,23.6500,37.9333
42300,23.6000,38.4333
42310,23.6000,38.4500
42327,23.6000,38.4667
42340,24.0500,38.3833
42345,21.1000,38.4833
42378,23.6000,38.0333
42400,23.5833,38.4667
42415,23.2833,38.5667
42420,23.4667,38.8333
42434,22.8167,38.9000
42440,22.6167,38.9167
42460,22.8500,39.1667
42470,22.9500,39.3667
42490,23.2167,39.1667
42530,22.9333,40.6333
42550,23.4667,40.2667
42570,23.8333,40.5167
42600,24.4000,40.9333
42620,3.4000,6.4000
42630,25.8833,40.8333
42760,26.5667,39.1000
42780,26.3667,38.9833
42790,26.0833,39.0833
42820,26.1333,38.3667
42840,26.6833,37.8000
42850,26.9667,37.7500
42860,26.9500,37.6833
42880,24.7333,37.8833
42890,24.9500,37.8333
42905,25.3333,37.4500
42920,24.9500,37.4333
42980,25.3667,37.1000
43030,24.4500,36.7167
43093,23.6333,35.5167
43100,24.1833,35.4833
43120,24.4667,35.3667
43130,25.1500,35.3500
43150,26.1333,35.2167
43165,24.8333,34.9333
43210,28.2333,36.4500
43250,27.2833,36.9000
43260,26.9833,36.9500
43280,26.8500,37.1333
43334,26.9333,38.8333
43340,29.1167,40.4167
43370,26.3667,40.1833
43380,26.6667,40.4000
43384,29.1000,40.4167
43388,28.7000,40.9667
43390,27.5167,40.9833
43420,28.9667,41.0167
43430,29.0333,41.0500
43435,29.0500,41.1167
43500,27.4833,42.4833
43510,27.9667,43.1833
43550,28.5833,43.8167
43558,28.4333,44.1667
43560,28.6500,44.1667
43562,28.2667,44.2500
43565,28.1833,44.2667
43566,28.0500,44.3333
43568,28.6667,44.3500
43570,29.6667,45.1667
43572,28.8167,45.1667
43590,27.9833,45.2500
43600,28.0833,45.4167
43625,28.8500,45.3333
43645,30.6500,46.3000
43650,30.7333,46.4833
43655,31.0167,46.6000
43670,31.9833,46.9500
43673,31.9333,46.8333
43677,31.8833,46.7333
43680,32.6000,46.6167
43700,30.3667,46.1833
43710,32.9167,46.1000
43720,33.2833,46.0833
43745,32.7000,45.5167
43747,29.7000,45.4667
43750,33.3833,45.2000
43760,33.5333,44.6167
43780,33.6000,44.5000
43790,34.1667,44.4833
43810,34.4167,44.6833
43835,34.9833,44.8500
43850,35.4333,45.0167
43900,36.4833,45.3500
43925,28.3000,45.4333
43940,34.8167,46.1667
43950,35.3667,46.3500
44000,36.7833,46.7500
44010,37.5667,47.0833
44060,38.9500,47.2000
44070,39.7167,47.1667
44080,39.4333,47.1000
44090,38.2667,46.7333
44140,37.3500,45.3500
44162,36.6500,45.3333
44180,37.3167,44.8833
44200,37.7833,44.7167
44210,38.0667,44.5500
44230,39.0667,44.1000
44240,39.7333,43.5833
44270,39.9333,43.4333
44320,40.9833,42.9833
44340,41.5833,42.1500
44345,41.7167,42.1000
44350,41.6500,41.6500
44370,41.4000,41.4167
44380,40.5167,41.0667
44390,39.7667,41.0167
44410,38.4000,40.9333
44420,37.8833,41.0000
44450,36.3500,41.3000
44460,35.1667,42.0500
44480,33.7667,41.9833
44490,31.8167,41.4667
44500,31.4500,41.3000
44540,29.0167,41.0000
44542,27.9833,41.0000
44603,29.7000,40.8000
44605,29.5333,40.7667
44610,29.8167,40.7500
44620,29.9167,40.7667
44622,29.5500,40.7667
44625,29.8167,40.7333
44640,28.8833,40.3833
44650,27.9667,40.3500
44660,27.8000,40.3833
44670,27.3167,40.4000
44690,26.4000,40.1500
44730,26.7000,39.3167
44740,26.8167,39.0167
44750,27.1333,38.4333
44751,27.6167,37.2500
44752,26.9167,38.7667
44770,27.2500,37.8667
44790,27.4333,37.0333
44801,35.9667,36.9167
44802,36.1333,36.8667
44803,36.1833,36.7167
44804,36.1667,36.8500
44805,28.2833,36.8500
44807,28.3833,36.8333
44808,30.6000,36.8167
44810,29.1000,36.6333
44820,30.6167,36.8333
44825,32.0000,36.5333
44850,33.8833,36.3167
44860,34.6333,36.8000
44870,35.9333,36.8833
44880,36.1667,36.6000
44900,33.3333,35.3500
44910,32.8333,35.1333
44950,33.0500,34.6667
44960,33.6500,34.9167
44965,33.7167,34.9667
44970,33.9333,35.1167
45003,35.8667,34.9000
45005,35.9500,35.1833
45010,35.7667,35.5333
45025,35.8333,34.4500
45030,35.5000,33.9000
45036,35.3167,33.5333
45040,35.3500,33.5000
45080,35.0000,32.8167
45084,34.9000,32.4667
45100,34.6500,31.8167
45110,34.5000,31.6667
45140,32.3000,31.2667
45151,31.7500,31.4833
45163,30.1500,31.2667
45165,29.8333,31.1667
45172,29.6167,31.1000
45175,28.8667,30.9833
45180,25.1667,31.3667
45220,23.9833,32.0833
45240,22.6500,32.7667
45280,20.0500,32.1167
45290,20.0500,30.8500
45295,19.6000,30.4167
45296,18.5667,30.5167
45297,18.3667,30.6333
45320,15.2167,32.3667
45323,14.2500,32.6667
45330,13.1833,32.9000
45335,12.7167,32.8000
45337,12.6500,33.9000
45340,12.5000,32.8167
45350,11.8167,33.0667
45365,11.1167,33.5000
45368,11.9000,33.7833
45370,10.8500,33.8833
45375,10.1167,33.9000
45377,11.3833,34.2833
45380,10.1000,34.2833
45390,10.7667,34.7333
45400,11.0667,35.5000
45410,10.6500,35.8333
45415,11.1167,36.8333
45420,10.3000,36.8000
45430,10.2500,36.8000
45432,10.3000,36.8167
45435,11.6833,36.6000
45440,9.8833,37.2833
45444,9.8000,37.1500
45460,8.7667,36.9667
45490,7.7667,36.9167
45510,6.9167,36.8833
45515,6.9500,36.8833
45520,6.5833,37.0000
45525,5.8833,36.8167
45530,5.7833,36.8333
45550,5.0833,36.7500
45560,3.9167,36.9167
45570,3.0667,36.7667
45610,1.3167,36.5333
45620,0.0833,35.9333
45630,-0.3000,35.8500
45635,-0.2500,35.8167
45640,-0.6333,35.7000
45650,-0.7000,35.7333
45660,-1.3833,35.3000
45670,-1.8667,35.1000
45720,-3.9167,35.2500
45730,-5.3167,35.9000
45753,-5.4833,35.9000
45755,-5.8167,35.7833
45762,-2.9333,35.2833
45785,-6.6000,34.3000
45790,-7.4000,33.7167
45793,-7.6167,33.6000
45795,-8.5000,33.2500
45796,-8.6167,33.1167
45797,-9.2500,32.3000
45800,-9.7833,31.5000
45802,-9.6333,30.4333
45808,-15.9167,23.7000
45809,-13.4333,27.0833
45812,-17.0500,20.9167
45814,-16.0333,18.0333
45818,-16.5167,16.0167
45819,-17.4000,14.7167
45820,-17.4333,14.6833
45821,-17.2833,14.7000
45822,-16.6667,12.5667
45823,-16.1667,14.1667
45825,-16.5667,13.4500
45835,-16.2333,12.2833
45838,-15.6333,11.8667
45845,115.2333,5.2833
45850,-14.6167,10.6333
45855,-13.7167,9.5167
45857,-13.2000,9.1667
45862,-13.2333,8.5000
45865,-13.0500,8.5833
45867,-12.5000,7.5333
45880,-25.0000,16.8833
45910,-23.5167,14.9167
45940,-10.8167,6.3167
45950,-10.0667,5.8667
45952,-9.0500,4.9833
45955,-7.7167,4.3667
45963,-6.6167,4.7333
45970,-4.5500,4.9667
45990,-3.9667,5.2333
46000,-4.0167,5.2500
46008,-4.4500,5.0500
46040,-1.7333,4.8833
46045,-1.7000,4.9500
46063,-1.0500,5.2000
46070,0.0167,5.6167
46090,1.2833,6.1333
46095,1.5167,6.2000
46110,2.4333,6.3500
46130,3.4000,6.4000
46131,3.3500,6.3500
46135,5.0000,5.5000
46140,5.4667,6.0000
46150,5.6833,5.9000
46160,5.4333,5.3667
46161,5.1833,5.1667
46165,5.5000,5.3500
46170,5.7333,5.5167
46171,4.8333,5.7167
46178,7.4667,4.0167
46180,5.3167,4.8000
46190,6.2833,4.0667
46195,8.0333,4.2333
46200,5.6167,4.2500
46205,7.1667,4.4500
46206,7.2333,4.1833
46207,7.0833,4.7167
46208,7.1500,4.6833
46210,7.0000,4.7667
46225,8.3333,4.2167
46230,8.3167,4.9667
46235,7.7667,4.0000
46238,7.3000,3.9833
46240,6.9833,3.8500
46262,9.1500,3.9833
46280,9.6833,4.0500
46285,8.5500,4.2500
46286,8.4833,4.1167
46287,9.8167,2.8000
46292,9.8000,2.9167
46305,9.7667,1.8667
46306,8.7167,3.7833
46310,8.0833,3.8000
46320,8.7833,3.7500
46330,8.5667,3.5000
46335,9.2333,1.4167
46340,9.7000,1.0833
46375,7.4500,1.6500
46380,6.7333,0.3500
46430,9.4500,0.3833
46435,9.5000,0.2833
46440,8.8000,-0.7000
46445,8.7167,-0.6333
46446,8.9167,-1.4667
46453,10.0000,-2.8333
46454,10.7500,-3.6333
46460,11.1000,-4.4500
46470,11.8333,-4.7833
46472,11.9000,-4.9333
46473,11.5667,-5.2667
46485,11.7833,-5.2167
46487,12.0833,-5.4333
46488,11.5000,-5.4667
46490,12.2000,-5.5333
46495,12.1833,-5.4500
46510,12.3833,-5.9833
46520,13.0500,-5.8500
46530,13.4500,-5.8167
46545,12.3333,-6.1167
46547,12.4000,-6.9500
46549,11.6833,-7.6500
46550,13.1000,-7.8333
46553,12.4000,-6.4500
46560,13.2500,-8.8000
46570,13.7500,-10.7333
46580,13.8333,-11.2000
46590,13.5667,-12.3333
46610,12.1500,-15.2000
46640,14.5000,-22.9500
46650,15.1500,-26.6500
46670,-14.4167,-7.9333
46690,-5.7167,-15.9167
46691,-14.3667,-7.8833
46710,-12.3000,-37.0500
46750,17.9667,-33.0333
46770,18.4167,-33.9167
46780,18.4333,-34.1833
46800,22.1500,-34.1833
46820,25.6167,-33.9667
46830,27.9167,-33.0333
46850,31.0667,-29.8667
46855,32.0833,-28.8167
46870,32.5833,-25.9667
46880,35.4000,-23.9167
46890,34.8333,-19.8333
46900,36.5000,-18.5667
46910,36.8833,-17.8833
46920,37.1833,-17.7000
46925,38.1500,-17.2667
46930,40.7333,-15.0333
46935,40.6667,-14.5333
46940,40.5000,-12.9667
46950,40.6167,-12.3333
46970,40.1333,-10.2667
46975,40.2000,-10.2667
47000,39.4167,-8.7333
47005,39.3667,-6.8167
47010,39.3000,-6.8167
47020,39.7667,-5.2500
47030,39.1167,-5.0833
47050,39.1833,-6.1667
47100,39.8500,-4.0667
47105,39.8667,-3.6333
47107,40.1333,-3.2167
47130,42.5500,-0.3667
47140,44.0500,1.1000
47150,44.7833,1.7167
47160,45.3500,2.0333
47220,115.2333,5.2833
47300,43.2500,-11.7000
47310,43.7500,-12.2667
47320,44.4000,-12.1500
47340,45.2500,-12.7833
47360,48.3000,-13.4000
47400,46.3000,-15.7167
47420,44.0167,-18.0667
47430,44.3000,-20.2833
47460,43.6667,-23.3667
47470,47.0000,-25.0333
47500,48.0500,-22.1167
47510,48.3333,-21.2500
47540,49.4167,-18.1667
47590,49.8167,-15.4500
47620,50.0000,-13.3500
47625,48.8333,-13.0833
47630,49.2833,-12.2667
47680,55.4500,-20.8667
47690,55.3167,-20.9333
47695,55.2833,-20.9333
47700,55.4667,-21.3500
47720,57.5000,-20.1500
47750,63.4167,-19.6833
47800,72.4667,-7.3500
47820,45.0167,10.4500
47830,49.1833,11.2833
47850,43.1333,11.6000
47855,43.0833,11.6000
47880,42.7500,13.0000
47900,39.4667,15.6167
47940,37.2333,19.6000
47942,37.2500,19.5833
47944,37.3167,19.4000
47946,37.3500,19.1333
47960,34.6500,28.9667
47970,34.2833,26.1000
47974,34.2000,26.2500
47980,33.9500,26.7333
47982,33.6167,28.2333
47985,33.6000,27.8333
47987,33.6000,27.8500
47988,34.2833,27.8500
47989,33.5667,27.8000
47990,33.8500,27.2167
48015,33.2833,28.1333
48020,33.1000,28.3500
48025,33.1667,28.9500
48030,32.3667,29.6500
48035,32.3667,29.6833
48040,32.5500,29.9667
48045,32.4667,29.8667
48050,32.2833,30.5833
48053,32.7000,29.5833
48055,32.3667,29.5833
48057,32.6833,29.1667
48060,33.1167,29.0333
48065,33.2000,28.7500
48076,34.9500,29.5500
48090,35.0000,29.5167
48104,35.2500,27.9333
48106,35.5333,27.5667
48108,35.9000,27.3167
48120,38.0500,24.0833
48121,38.2167,23.9500
48130,38.9833,22.7333
48140,39.1833,21.4833
48142,42.4833,16.9000
48152,42.6667,15.3000
48155,42.6000,15.1333
48165,42.9667,14.8333
48175,43.2500,13.3167
48190,44.9500,12.7833
48198,52.2000,15.8167
48202,49.5000,14.7333
48210,49.1167,14.5167
48214,47.9167,13.9833
48216,48.1833,13.9667
48230,54.0167,16.9333
48240,59.4000,22.6833
48250,58.5833,23.6333
48255,58.5167,23.6333
48257,56.6333,24.5167
48259,56.2333,26.2167
48262,56.3333,25.1667
48263,56.3833,25.3500
48264,56.0500,25.9833
48265,54.4167,25.5833
48266,53.0000,25.0167
48267,53.0500,-24.8667
48268,53.5167,24.4333
48269,55.7833,25.7167
48270,55.4333,25.4167
48271,55.3667,25.4167
48272,55.4000,25.5833
48273,55.5833,25.5833
48274,55.4833,25.4667
48275,55.3000,25.2667
48277,52.8667,25.1500
48278,54.3333,24.5000
48279,54.4833,24.4500
48280,55.9333,25.9833
48282,52.7000,24.2000
48287,51.5667,24.9167
48290,51.5333,25.2833
48295,52.4167,25.6833
48297,51.5833,25.9167
48298,52.0000,26.5833
48300,51.5500,26.6500
48310,50.5833,26.2333
48320,50.6667,26.1667
48325,50.6333,26.2000
48327,50.7500,26.2500
48335,50.2000,26.5000
48338,49.6667,27.0833
48340,50.1667,26.6333
48341,49.8667,26.9000
48342,50.0500,26.8667
48343,50.0333,26.9333
48348,48.6333,28.1167
48349,48.5833,28.4333
48356,48.4000,28.7333
48357,48.1667,29.0333
48360,48.1667,29.0167
48361,48.1667,29.0667
48370,47.9333,29.3500
48374,47.8000,29.3833
48390,48.8000,29.7833
48392,48.8167,29.6833
48399,47.9500,30.0167
48400,47.8333,30.5167
48404,47.9000,30.1833
48406,47.9167,30.1333
48420,48.1833,30.4333
48430,48.2833,30.3333
48440,48.4167,30.1667
48450,49.1833,30.4667
48460,49.0833,30.4333
48464,50.1667,29.7333
48465,50.3333,29.2333
48468,49.4833,29.0167
48470,50.8333,28.9833
48475,52.5333,27.5333
48480,53.3333,26.7833
48495,56.0667,27.1000
48520,56.2000,27.1500
48530,56.4500,27.1000
48533,52.3500,27.6500
48535,54.5500,25.9000
48540,57.7667,25.6333
48550,60.6167,25.2667
48590,62.3000,25.1333
48600,66.9833,24.7833
48605,67.3500,24.7667
48613,69.8333,22.4333
48615,69.7000,22.5167
48620,69.3500,22.8333
48630,70.2167,23.0333
48635,70.4500,22.9500
48650,70.0333,22.5167
48670,143.0000,53.5500
48674,72.5333,21.7000
48680,69.6000,21.6333
48690,70.3667,20.9000
48730,71.5167,20.9167
48760,72.2333,21.7667
48770,72.7500,21.1500
48790,72.6333,21.0833
48840,72.8667,18.9667
48845,72.9500,18.9500
48900,73.2833,16.9833
48960,73.8167,15.5000
48970,73.8000,15.4333
48990,74.1167,14.8167
49000,74.2667,14.7000
49030,74.8167,12.9167
49040,75.3000,11.9167
49100,75.7667,11.2500
49110,75.8000,11.1667
49130,76.2333,9.9667
49160,76.5833,8.8833
49170,76.9500,8.4833
49180,77.2500,8.1667
49200,73.5000,4.1667
49240,79.8500,6.9500
49250,80.2167,6.0167
49290,81.2167,8.5500
49300,80.0500,9.8167
49320,78.1667,8.8000
49350,79.8500,10.7667
49370,79.8667,10.8333
49410,79.7667,11.7167
49430,79.8333,11.9333
49450,80.3000,13.1000
49454,80.3167,13.2667
49460,81.1667,16.1500
49470,82.3167,17.0000
49480,83.3000,17.6833
49535,86.6833,20.2667
49555,88.0833,22.0167
49560,88.3333,22.5500
49580,89.6000,22.4667
49590,91.8167,22.3167
49620,92.9000,20.1333
49640,94.7333,16.7833
49650,96.1667,16.7667
49660,97.6167,16.4833
49685,96.8500,13.0500
49690,98.6000,12.4333
49720,92.7500,11.6833
49770,98.4000,7.8333
49780,98.9167,8.0667
49790,99.5167,7.4000
49792,99.6000,11.1833
49794,99.9000,9.2000
49830,99.8333,6.3167
49845,116.1167,6.0833
49850,100.3500,5.4167
49875,104.8167,4.6333
49890,114.4500,4.7167
49910,101.0167,4.0167
49960,101.8000,2.5167
49962,102.1333,2.2500
49970,102.2500,2.2000
49980,102.5667,2.0500
50030,104.2167,1.0667
50040,104.4500,0.9167
50045,104.6000,0.8500
50055,103.9167,1.1333
50060,103.9000,1.1667
50070,102.2167,1.1833
50100,104.5667,-0.5000
50120,106.4500,-3.0167
50140,105.1667,-2.0667
50180,105.7833,-1.6333
50210,106.1333,-2.1167
50231,104.1333,-2.6167
50250,107.6333,-2.7500
50300,104.8333,-2.9833
50330,104.7667,-2.9833
50340,107.7167,-5.8833
50350,106.2333,-5.5000
50380,105.3167,-5.4667
50440,102.2500,-3.7833
50441,102.2833,-3.9167
50450,100.3667,-1.0000
50510,98.7667,1.7333
50516,103.4333,0.9833
50517,104.0667,-0.9167
50518,99.4667,3.3500
50600,95.2833,5.5667
50610,95.3167,5.8833
50652,97.1000,5.2333
50700,98.2167,4.1167
50730,98.6833,3.7833
50740,114.3667,3.0000
50785,101.4500,1.6833
50790,102.1000,1.4667
50805,102.1667,1.3500
50910,105.7000,-10.4167
50922,105.9833,-5.9167
50925,105.9667,-6.0167
50930,105.9167,-6.0500
50932,105.9833,-5.9667
50935,106.0000,-5.9167
50971,112.9167,-6.6500
51010,108.5667,-6.7167
51020,109.1333,-6.8500
51030,109.7000,-6.8500
51040,110.4167,-6.9500
51070,111.3500,-6.7000
51100,112.1500,-6.7333
51120,112.6500,-7.1500
51180,113.2167,-7.7167
51200,113.9333,-7.7000
51205,114.8333,-8.1833
51220,109.0000,-7.7333
51254,116.7500,-8.9000
51810,117.9667,0.9833
51280,116.0667,-8.5667
51290,116.5667,-8.7000
51320,122.2167,-8.6167
51330,122.9833,-8.3500
51340,121.6500,-8.8333
51350,120.2167,-9.6333
51400,123.5833,-10.1667
51440,125.5833,-8.5333
51484,105.1333,4.1333
51500,106.2167,3.2167
51501,106.2500,4.1500
51502,106.4833,4.0333
51504,106.6500,-4.6667
51560,110.3500,1.5667
51570,111.6333,2.1667
51580,111.8167,2.2833
51583,111.5333,2.1333
51584,111.3500,2.1500
51585,113.0667,3.2667
51586,117.8833,4.2500
51590,113.9667,4.3833
51600,114.0000,4.4667
51620,115.0667,5.0333
51630,114.8833,4.8833
51635,114.4500,4.7167
51645,114.3167,4.6167
51646,114.2000,4.6333
51680,115.2333,5.2833
51690,116.0667,5.9833
51710,116.8500,6.8833
51720,118.1167,5.8333
51730,118.3167,5.0167
51733,118.5833,4.9500
51736,118.2500,4.6833
51770,117.8333,3.4667
51780,117.6000,3.2833
51800,117.4833,2.1500
51803,117.5667,0.3667
51811,117.4833,0.1000
51815,117.5333,-0.1000
51820,117.1167,-0.5167
51830,117.1667,-0.9500
51840,116.8167,-1.2500
51845,116.7667,-1.4500
51850,116.3000,-2.6167
51855,116.2833,-3.2000
51860,116.2167,-3.2333
51865,116.1667,-1.8167
51870,116.1500,-3.3000
51890,114.5833,-3.3333
51910,113.0000,-2.5167
51920,111.7167,-2.7500
51941,109.3333,-0.0167
52040,124.8333,1.5000
52065,125.1833,1.4333
52090,123.0500,0.5000
52140,120.7500,-1.3667
52220,122.8000,-0.9500
52230,121.3333,-1.9833
52235,121.0667,-2.7333
52240,122.5833,-3.9667
52260,122.6167,-5.4667
52270,122.7333,-4.8500
52295,121.6000,-4.1667
52297,119.6167,-4.0000
52320,119.4000,-5.1333
52350,119.7333,-0.6500
52440,125.4833,3.6167
52480,126.7833,4.2333
52510,127.3833,0.7833
52523,127.4667,-0.6333
52560,128.7500,0.3667
52660,129.5000,-2.7833
52680,130.5000,-3.1000
52695,130.9833,-1.3500
52720,128.1667,-3.6833
52760,127.0833,-3.2833
52870,131.3000,-7.9833
52940,136.2500,-1.9000
53000,134.5000,-2.7333
53010,134.0833,-0.8667
53020,131.2333,-0.8833
53045,131.0167,-1.3000
53050,130.7500,-1.2500
53100,132.2833,-2.9333
53115,136.9667,-4.8167
53130,140.3833,-8.4833
53133,140.7167,-2.5333
53142,144.5667,-8.1000
53150,143.2000,-9.0667
53160,147.1333,-9.4667
53165,150.4500,-10.3167
53170,150.6667,-10.6167
53190,152.7667,-9.2167
53195,150.4167,-10.4167
53206,148.4833,-8.8833
53230,147.0000,-6.7333
53250,145.8167,-5.2167
53282,141.1333,-2.6833
53300,142.2167,-10.5833
53318,145.3500,-14.9500
53340,145.7833,-16.9167
53360,146.1333,-17.6000
53370,146.3333,-18.5167
53380,146.8167,-19.2667
53400,149.2167,-21.1167
53405,149.3000,-21.2833
53440,150.8500,-23.5833
53450,151.2500,-23.8500
53460,152.3500,-24.8667
53490,153.0333,-27.4667
53520,153.5667,-28.8667
53650,151.2000,-33.8667
53655,151.2333,-34.0000
53690,150.9167,-34.4833
53710,150.8000,-35.1167
53750,150.1667,-35.7000
53810,149.9167,-37.0667
53840,146.4667,-38.7000
53930,145.2333,-38.3500
54030,144.9667,-37.8333
54050,144.3667,-38.1500
54120,142.4833,-38.4000
54140,141.6000,-38.3333
54200,137.6333,-35.6333
54210,137.7667,-34.9667
54220,138.5000,-34.8500
54236,137.9167,-34.4333
54255,137.7667,-35.0333
54280,137.6167,-33.9333
54290,138.0167,-33.1833
54320,137.5833,-33.0333
54325,137.7667,-33.0167
54350,135.8500,-34.7167
54410,133.6500,-32.1667
54450,121.9000,-33.8667
54470,117.8833,-35.0333
54500,115.6333,-33.3167
54540,114.6000,-28.7833
54555,113.4000,-26.0833
54565,113.3833,-24.2167
54575,114.1833,-21.8167
54580,115.1000,-21.6500
54600,117.1833,-20.6500
54620,118.5833,-20.3167
54630,122.2333,-17.9667
54660,128.1000,-15.4667
54670,130.8500,-12.4667
54671,136.4167,-13.8667
54672,141.8667,-12.6667
54675,136.7000,-12.2000
54690,140.8333,-17.4833
54760,147.3333,-42.8833
54810,146.9833,-43.1667
54830,147.0333,-43.3167
54870,145.2833,-40.7667
54875,145.3833,-40.8333
54880,145.9500,-41.0500
54920,146.3667,-41.1833
54940,146.8333,-41.1333
54943,146.8167,-41.1500
54970,147.1167,-41.4500
55000,173.7667,-35.0500
55030,174.1167,-35.3167
55050,174.4333,-35.8000
55060,174.7667,-36.8500
55080,176.1667,-37.6333
55110,178.0333,-38.6667
55130,176.9167,-39.4833
55150,174.7833,-41.2833
55180,175.0333,-39.9500
55210,174.0333,-39.0667
55230,174.7833,-36.9333
55270,172.6667,-40.6833
55275,172.9000,-40.8500
55290,173.2667,-41.2667
55300,174.0167,-41.2833
55320,172.7167,-43.6000
55330,172.9667,-43.8000
55350,171.2500,-44.4000
55370,170.6333,-45.8167
55400,168.3333,-46.6000
55440,171.2167,-42.4333
55450,171.6000,-41.7500
55500,167.9500,-29.0667
55530,177.4500,-17.6000
55540,178.4167,-18.1333
55550,178.8333,-17.6833
55556,179.3667,-16.3500
55560,179.3333,-16.7667
55590,-175.2000,-21.1333
55600,-174.3500,-19.8000
55610,-173.9833,-18.6500
55617,179.1333,-8.5167
55650,-176.1333,-13.2833
55670,-171.7667,-13.8167
55680,-170.6667,-14.2833
55695,-169.9333,-19.0333
55740,-159.7833,-21.2000
55770,-151.7500,-16.5000
55800,-151.4500,-16.7333
55840,-149.5833,-17.5333
55960,-134.9667,-23.1167
56010,-139.0333,-9.8167
56015,-140.0833,-8.9333
56025,-171.7167,-2.8333
56039,-159.3667,3.8500
56070,-155.4667,20.1000
56090,-155.0667,19.7333
56100,-155.5500,19.0833
56110,-155.9000,19.1833
56120,-155.9000,19.3833
56130,-155.9333,19.4833
56140,-156.0000,19.6333
56150,-155.9500,19.8667
56160,-155.8333,20.0333
56170,-155.9000,20.1833
56180,-156.4667,20.9000
56190,-155.9833,20.7500
56200,-156.6667,20.8667
56230,-157.0000,20.7833
56240,-156.8000,21.0667
56250,-156.8833,21.0500
56260,-157.0333,21.0833
56270,-158.1000,21.2667
56272,-158.1167,21.3167
56280,-157.8667,21.3000
56290,-159.5833,21.9000
56300,-159.3500,21.9500
56310,-159.3333,22.0000
56320,-160.2333,21.8667
56323,-166.2833,23.8667
56325,-169.5167,16.7500
56328,-177.3667,28.1833
56330,166.6167,19.2833
56350,162.3333,11.3333
56370,167.7333,8.7167
56400,171.3833,7.0833
56450,172.9333,1.3333
56500,166.9167,-0.5333
56520,145.6833,15.2000
56530,145.6167,14.9667
56540,145.1500,14.1333
56550,144.6167,13.4500
56570,163.0333,5.3333
56590,158.2000,6.9833
56600,151.8333,7.4333
56630,138.1333,9.5167
56660,134.4500,7.3333
56710,144.3000,-1.2167
56730,147.2667,-2.0167
56738,143.6333,-3.5667
56740,149.9667,-1.6333
56760,150.8000,-2.5833
56810,152.1833,-4.2000
56820,152.2667,-4.3333
56835,150.5333,-5.1333
56840,150.9833,-5.3000
56855,155.6333,-6.2167
56945,154.5500,-5.1667
56970,156.8500,-8.1000
56975,157.1833,-8.2167
57005,157.1000,-8.1167
57070,159.2167,-9.0833
57100,160.1500,-9.1000
57120,159.9500,-9.4167
57200,167.1667,-15.5167
57230,168.3167,-17.7333
57245,168.5500,-17.6833
57275,165.8167,-21.3833
57320,166.4333,-22.2833
57325,165.5500,-21.1500
57410,103.4333,3.9667
57411,103.4667,4.2500
57415,103.4667,4.5667
57420,103.1333,5.3500
57425,105.0167,5.5167
57429,99.7667,6.4333
57433,102.3333,8.0500
57434,101.4167,10.0833
57435,101.3000,6.9500
57436,101.2500,10.5167
57437,101.1667,12.6667
57439,100.5833,7.2167
57440,101.3500,9.1000
57443,101.3000,12.6333
57446,100.9167,12.6167
57450,100.5000,13.7500
57458,100.9167,13.1667
57460,100.8833,13.1167
57461,100.8833,13.1333
57462,100.8833,13.0833
57470,100.8167,13.1667
57472,100.1500,13.1667
57485,103.5000,10.6333
57490,103.6000,10.5000
57520,103.9667,10.2167
57540,0.0000,0.0000
57570,107.0667,10.3500
57572,107.0333,10.5833
57575,106.7833,10.7500
57580,106.7167,10.7667
57610,109.1667,11.8833
57620,109.2333,12.2500
57640,109.2333,13.7667
57642,108.6833,8.4833
57650,108.2167,16.1000
57655,107.0667,10.3167
57657,106.7667,10.8167
57660,105.7667,18.7667
57680,106.6833,20.9167
57700,107.0667,20.9500
57710,107.3667,21.0333
57745,108.3500,21.7500
57750,109.0667,21.4833
57760,110.2833,20.0500
57768,108.6167,19.1000
57770,110.4000,21.2000
57775,115.6833,20.8333
57777,113.8667,22.4667
57810,113.5667,22.1833
57816,109.4500,18.3167
57817,109.1833,19.7333
57818,110.0333,19.9667
57819,111.0833,21.4833
57820,108.5833,21.7333
57821,113.5833,22.2333
57822,113.4167,23.0833
57825,113.5000,23.0500
57830,113.2333,23.1167
57859,114.5167,22.7167
57862,117.0833,23.6167
57864,117.5167,23.7500
57876,118.9833,25.2333
57900,121.8667,24.6000
57910,121.6000,23.9833
57953,120.1667,23.7833
57970,121.9667,20.4500
57990,121.0833,18.6167
57995,122.1333,18.5167
58000,121.6333,18.3667
58070,122.2333,13.9500
58100,122.6833,14.2833
58130,124.2500,13.5833
58150,123.7333,13.3667
58170,123.7500,13.1500
58205,124.0000,12.9667
58315,122.0667,13.5000
58320,121.0500,13.7500
58350,120.6167,14.0833
58370,120.9667,14.5833
58390,120.4833,14.4333
58395,120.2667,14.8000
58410,119.9500,15.5500
58460,120.3167,16.6167
58540,121.1833,13.4167
58590,122.2667,12.5833
58620,123.6167,12.3667
58630,125.0167,12.5667
58640,125.4333,11.6000
58655,125.7167,11.0333
58670,124.8833,11.7667
58690,125.0000,11.2500
58695,125.0167,11.1000
58740,124.8333,10.1333
58750,124.8000,10.6833
58770,124.6000,11.0000
58795,124.4333,10.9167
58800,124.3833,11.0500
58870,123.8500,9.6500
58890,123.9667,9.9500
58960,123.9000,10.3000
59070,123.4167,10.4833
59080,123.1167,9.6000
59090,123.3000,9.3167
59100,123.6333,9.1333
59120,122.8000,10.5167
59150,122.7167,11.6000
59180,122.5833,10.6667
59190,122.5833,10.7000
59270,118.7333,9.7333
59340,125.5000,9.7833
59343,125.4167,9.0000
59345,125.3333,8.9833
59380,126.3333,8.3667
59385,126.3167,8.2333
59400,126.2167,6.9500
59430,125.6167,7.0667
59475,125.1000,8.8333
59485,125.1833,6.1167
59500,124.2167,7.3500
59530,123.4333,7.8333
59550,123.1667,7.5833
59575,122.6833,7.7833
59580,122.0667,6.9000
59670,123.8667,8.3333
59680,123.8500,8.1333
59700,124.2333,8.2333
59710,124.6667,8.5000
59720,124.7500,8.5167
59725,124.7667,8.5833
59760,125.5333,8.9500
59770,121.9667,6.7167
59780,121.8667,6.5500
59800,121.0000,6.0500
59820,120.8167,5.5500
59860,119.3000,26.0833
59910,120.6500,28.0167
59930,121.4500,28.6833
59940,121.5500,29.8833
59950,121.7000,29.9500
59960,122.1000,30.0000
59963,121.0833,30.5833
59974,120.9500,31.7667
59985,120.2333,31.9167
59986,119.9833,31.9667
59987,119.8500,32.2833
59988,119.4333,32.2667
59995,119.4333,32.2167
60000,118.7500,32.0833
60010,118.3667,31.3333
60030,117.0333,30.5167
60060,114.2833,30.5833
60110,108.4333,30.8167
60120,106.6333,29.5667
60125,119.3667,30.1000
60130,119.4500,34.7333
60133,119.5667,35.3833
60150,122.1000,37.5000
60170,120.2833,37.6333
60180,117.6667,38.9667
60190,117.8333,38.9667
60193,119.0167,39.2000
60200,119.6167,39.9333
60205,121.0500,40.0667
60210,120.9833,40.7000
60215,121.1000,40.7500
60233,124.1500,39.8167
60240,121.2500,38.7833
60280,125.4000,38.7167
60290,125.6167,38.7333
60310,125.7000,38.0000
60320,126.6167,37.4667
60323,126.4000,37.0167
60325,126.7333,37.0000
60330,126.6167,35.9833
60340,126.3833,34.7833
60350,126.5333,33.5167
60370,127.7500,34.7333
60380,128.5667,35.1833
60385,128.6500,35.1333
60400,129.4000,35.4500
60410,129.3833,36.0500
60430,129.1167,37.5667
60431,129.1500,37.5333
60435,128.6000,38.2000
60440,127.4500,39.1667
60450,127.6167,39.8333
60470,128.6500,40.2000
60480,129.2000,40.6667
60500,129.8167,41.7667
60510,130.3000,42.2333
60520,130.4000,42.3333
60540,130.8000,42.6500
60582,131.0833,42.6333
60610,131.9000,43.1167
60720,132.6833,42.8667
60725,133.0833,42.7500
60730,132.8833,42.8000
60795,140.2833,48.9667
60800,140.2833,49.0833
60810,140.7833,51.4667
60820,140.7333,53.1333
60860,143.0000,53.5500
60870,143.5500,52.7000
60880,143.1333,49.2167
60920,142.7667,46.6167
60930,141.8667,46.6667
60940,142.0500,47.0500
60980,142.0333,49.0833
60981,142.0500,-49.1667
60990,142.1333,49.4500
61020,142.1000,50.7333
61040,142.1333,50.9000
61045,141.5167,52.2167
61060,142.5000,53.5833
61090,146.8333,43.8667
61110,143.3500,44.3500
61120,144.2833,44.0167
61130,145.5833,43.3333
61140,145.5833,43.2833
61160,144.3667,42.9833
61165,141.6333,42.6333
61170,140.9667,42.3500
61175,143.3000,42.2500
61180,140.5833,42.1167
61190,140.7167,41.7833
61205,140.1167,41.8667
61230,141.0167,43.2000
61232,141.3667,43.2333
61250,141.6333,43.9500
61260,141.6833,43.4167
61270,140.7500,40.8333
61277,140.0000,40.2167
61280,141.5500,40.5333
61290,141.9833,39.6333
61310,141.9000,39.2667
61320,141.7333,39.0500
61325,141.6000,38.8667
61330,141.4500,38.4500
61340,141.3167,38.4000
61350,141.0333,38.3167
61353,140.9500,37.8333
61355,140.9000,36.9333
61356,140.6333,36.5000
61357,140.7000,35.9333
61360,140.8500,35.7333
61370,139.8000,35.0000
61375,140.0667,35.5833
61378,139.9833,35.6667
61379,139.9500,35.6667
61400,139.6667,35.2833
61410,139.7167,35.2333
61415,138.7000,35.1333
61416,137.0667,34.6667
61420,138.9500,34.6667
61460,138.5000,35.0167
61465,137.3000,34.7167
61470,136.9500,34.8500
61475,137.2167,34.8167
61490,136.6333,34.9667
61495,136.5667,34.6000
61500,136.8500,34.4833
61515,136.2167,34.0667
61540,135.3667,33.7167
61541,135.1000,33.9500
61542,135.1333,34.1167
61543,135.2000,34.1500
61545,135.1333,34.2333
61564,134.6333,34.7667
61567,134.6833,34.7667
61568,134.7500,34.7167
61570,134.4667,34.7833
61571,134.5667,34.7500
61573,134.8333,34.7000
61580,133.9500,34.4833
61590,133.9333,34.4500
61595,133.7333,34.5000
61605,133.4333,34.4667
61617,133.1833,34.2833
61630,133.1333,34.3833
61640,132.5500,34.2333
61642,132.5167,34.1833
61655,132.4333,34.1833
61662,132.2500,34.1833
61664,132.9000,34.1167
61680,131.8167,34.0333
61690,131.2333,33.9333
61695,131.9333,33.9500
61700,130.9333,33.9333
61720,131.4167,34.4167
61730,132.0833,34.9000
61750,133.2500,35.5500
61760,133.2333,35.5333
61790,135.2000,35.5333
61800,135.3333,35.5167
61802,135.5000,35.5167
61805,136.2000,36.0667
61810,136.0667,35.6500
61820,136.1000,36.1833
61822,136.6000,36.6167
61840,136.9667,37.0500
61850,137.1333,36.7667
61855,137.1167,36.7667
61862,137.8500,37.0333
61865,138.2500,37.1833
61867,138.5500,37.3667
61870,139.0500,37.9167
61875,139.2333,38.0167
61890,138.5667,38.0833
61900,139.8167,38.9333
61910,140.0000,39.8333
61932,134.7000,34.7833
61940,134.0500,34.3333
61960,134.6000,34.0167
61965,134.6667,33.8667
61967,135.9833,33.6667
61970,133.5667,33.5000
61980,133.3000,33.3833
62010,132.5667,33.2167
62020,132.4167,33.4500
62030,132.7000,33.8667
62060,132.8333,34.0333
62065,130.8667,33.9667
62070,133.0000,34.0667
62077,133.6833,34.2167
62078,131.7500,34.0333
62079,131.1833,34.0000
62080,133.2667,33.9667
62085,133.5500,34.0000
62100,133.8000,34.2833
62110,133.8500,34.3333
62113,132.1333,33.9500
62118,130.8333,33.9333
62120,130.8167,33.9000
62130,130.8833,33.8833
62145,131.0167,33.7833
62150,131.5167,33.3167
62165,131.8667,33.2500
62170,131.8667,33.0833
62175,131.9333,32.9667
62190,131.6667,32.4333
62220,130.5667,31.5833
62224,131.1000,31.4667
62225,130.5500,31.3833
62250,130.3833,32.2000
62255,130.5333,32.5000
62280,130.4667,32.6000
62290,130.4167,33.0000
62333,129.6000,32.9333
62340,129.0667,32.9833
62360,129.8833,32.7500
62380,129.7167,33.1667
62400,129.8833,33.2833
62420,129.9667,33.4500
62440,129.3000,34.2000
62495,127.9667,26.3667
62497,127.8000,26.2167
62500,127.6833,26.2167
62505,127.9167,26.2667
62510,125.2833,24.8000
62520,124.1667,24.3333
62535,131.3833,42.8667
62540,143.2000,59.3667
62550,150.7167,59.5667
62600,158.6500,53.0500
62630,165.9833,55.2000
62635,179.3667,63.0667
62640,-173.2333,64.4167
62660,162.3167,69.6333
62670,128.8667,71.6333
62680,170.3000,69.7167
62695,80.5167,73.5000
62710,84.4333,69.6667
62720,86.1667,69.4000
62730,86.6000,67.4833
62740,72.9000,67.6667
62770,53.0000,67.6500
62775,44.1833,65.8333
62800,40.5333,64.5333
62810,39.7833,64.5667
62820,38.1000,63.9000
62830,34.8000,64.5333
62840,34.7833,64.9833
62860,33.5667,66.2833
62870,32.8667,66.6833
62890,32.4167,67.1333
62894,32.3167,67.0833
62900,34.3667,66.6667
62910,39.5167,68.0500
62950,33.0500,68.9833
62970,33.0333,68.9833
63070,-45.0333,-60.7333
63080,-44.7167,-60.7500
63090,-58.4167,-62.0833
63095,-60.6333,-62.9500
63100,-63.5000,-64.8167
63110,-63.0000,-64.3167
63120,-62.9333,-64.3167
63130,166.6500,-77.8500
